205
ASV980.252                                                        0.0000000 0.2563605 0.2824728 0.2585629 0.2585629 0.3727826 0.3521743 0.3257619 0.2830405 0.2772245 0.2502536 0.2619772 0.2619772 0.2797068 0.2747405 0.3596458 0.3455004 0.2790785 0.2981413 0.1982965 0.2031955 0.2041084 0.2302125 0.4379000 0.4326937 0.3958920 0.3860587 0.3247381 0.2147580 0.2154291 0.2720784 0.2720784 0.2873698 0.2811189 0.3493924 0.2567988 0.2113302 0.2492087 0.2345226 0.2449268 0.2449268 0.2305709 0.2326597 0.2471109 0.2318163 0.2318163 0.2264473 0.2291396 0.2318163 0.2186339 0.2856246 0.2522572 0.2522572 0.2218359 0.2380368 0.2407761 0.2380368 0.2726035 0.2137259 0.1994914 0.2138956 0.2211993 0.2186339 0.2335013 0.1861979 0.2120958 0.1881067 0.3086418 0.2665335 0.2717565 0.2717565 0.2463434 0.2645757 0.2719167 0.2906188 0.2719167 0.2508012 0.2669665 0.2561535 0.2782866 0.2903716 0.2758733 0.2754953 0.2759411 0.2493766 0.2754953 0.2528948 0.2528948 0.2491583 0.2553794 0.2430340 0.2587594 0.2618917 0.2586558 0.3803608 0.2086080 0.2103203 0.1964817 0.2450319 0.2376100 0.1976626 0.2237165 0.2679512 0.2539799 0.3025993 0.3187052 0.2624115 0.2257334 0.2287888 0.2540610 0.2298127 0.2366520 0.3535862 0.3731297 0.2201069 0.2324536 0.2802339 0.3216929 0.2773695 0.2712872 0.2712872 0.2266319 0.2232579 0.2396394 0.2395653 0.2152107 0.4842989 0.5097812 0.4778801 0.4467297 0.4842989 0.3514707 0.2882488 0.3623963 0.3360279 0.2938740 0.5255435 0.3043876 0.5170178 0.2688749 0.3981005 0.3111118 0.3271951 0.3272011 1.3151225 0.3536071 0.4846958 0.3453889 0.5080450 0.4497799 0.2977913 0.4017900 0.3238779 0.3269763 0.2185035 0.2580835 0.4203636 0.2618853 0.3946594 0.5122341 0.5797671 0.8980944 0.4130660 0.3118416 0.3974778 0.3543465 0.2470877 0.2809838 0.2939047 0.3878664 0.6837065 0.3827604 0.3816195 0.4487886 0.3527307 0.4243656 0.3756134 0.2670128 0.4054605 0.3114727 0.2727429 0.5109525 0.3640941 0.0102716 0.6544536 0.3747219 0.5447176 0.3850761 0.5527405 1.1485277 0.2922488 0.5114048 0.0508544 0.9724555 0.5533328 0.9143374 0.5743516 0.5645329 0.2550889 0.5049373 0.5540408 0.4292858 0.5578552 1.2211013 1.3527875 
ASV16684.31                                                       0.2563605 0.0000000 0.0157563 0.0241053 0.0241053 0.1708547 0.1696387 0.1566491 0.1433956 0.2063774 0.1685978 0.2072355 0.1866721 0.2016977 0.1752377 0.4084429 0.4450417 0.2340035 0.2154817 0.1928503 0.2257398 0.3315979 0.2919530 0.3634100 0.3564435 0.3555596 0.2812655 0.3180341 0.2947476 0.3311191 0.3266047 0.2987407 0.3266047 0.3220979 0.4097635 0.3207891 0.3440561 0.3036397 0.3036397 0.3416649 0.2774061 0.2942126 0.3129631 0.3306252 0.3113613 0.2955273 0.3073202 0.3073202 0.3113613 0.2894237 0.3247515 0.3373898 0.3373898 0.2713151 0.2866849 0.2902178 0.3042494 0.3088660 0.2939809 0.2939809 0.2774796 0.3066444 0.3066444 0.3060699 0.2724916 0.3038051 0.2755973 0.3261513 0.3231795 0.3414585 0.3414585 0.3477075 0.3051112 0.3231795 0.3405340 0.3231795 0.3010698 0.3010698 0.3231795 0.3286957 0.3462985 0.3382223 0.2651043 0.2655371 0.2596586 0.2651043 0.2655627 0.2655627 0.2666303 0.2220456 0.2033132 0.2185989 0.2078900 0.2054213 0.3847969 0.2739704 0.2786592 0.2729714 0.2959538 0.3054601 0.2902422 0.3221506 0.3394731 0.3309819 0.3710766 0.3904526 0.3065900 0.2914868 0.3301939 0.4004911 0.4366566 0.4245526 0.3246139 0.4570881 0.3234023 0.3893378 0.4212596 0.4363407 0.4363407 0.3980349 0.4208902 0.3644709 0.3390318 0.3591443 0.3234318 0.3743542 0.5503980 0.5454263 0.5213103 0.5388903 0.5503980 0.3823745 0.3847431 0.3678234 0.3493310 0.3265559 0.5769013 0.4193471 0.3175205 0.5477720 0.5142354 0.3661503 0.3480800 0.4109426 0.9171061 0.5964352 0.7835413 0.4641836 0.5695341 0.5949646 0.4088713 0.3438749 0.4836600 0.4924287 0.3154529 0.3636575 0.4654548 0.3723572 0.4082405 0.6048570 0.4504241 0.4987105 0.4838601 0.4898056 0.6975984 0.3545707 0.4273367 0.4414468 0.5002983 0.5013436 0.6289934 0.4420641 0.3769941 0.5919358 0.4486077 0.4968319 0.7015131 0.3592780 0.5223202 0.6044960 0.5501183 0.8284489 0.5929420 0.4219051 0.6179904 0.5028465 0.5894287 0.5198778 0.6238292 0.8435794 0.4506469 0.4053365 0.2516408 0.7943129 0.5236269 0.5836444 0.3609637 0.6248279 0.3098051 0.5213103 0.5123994 0.5196841 0.4180263 1.0190240 1.3297187 
ASV19239.37                                                       0.2824728 0.0157563 0.0000000 0.0000010 0.0000010 0.1485203 0.1364667 0.1487507 0.1618501 0.2291552 0.1884223 0.2300453 0.2077592 0.2237175 0.1960774 0.4441299 0.4868676 0.2623530 0.2426103 0.1978367 0.2498172 0.3555220 0.2993649 0.3105870 0.3031325 0.2989884 0.2363127 0.2952257 0.2972138 0.3343033 0.3296759 0.3296759 0.3296759 0.3250370 0.3697797 0.3238301 0.3474855 0.3062448 0.3062448 0.3451438 0.2795706 0.2966726 0.3157935 0.3338068 0.3141399 0.2979115 0.3099969 0.3099969 0.3141399 0.2746692 0.3276379 0.3404928 0.3404928 0.2955631 0.2888531 0.2924645 0.3067323 0.2871193 0.2962423 0.2962423 0.2794657 0.2915835 0.2915835 0.2910692 0.2744580 0.2885139 0.2605945 0.3290828 0.3260510 0.3446982 0.3446982 0.3511314 0.2724577 0.2895823 0.3061379 0.2895823 0.3034953 0.3034953 0.3260510 0.3316937 0.3496591 0.3415044 0.2669879 0.2674337 0.2614304 0.2669879 0.2903991 0.2903991 0.2563244 0.2432912 0.2230146 0.2403153 0.2283284 0.2254987 0.4014870 0.2759679 0.2749448 0.2749448 0.2803459 0.3080062 0.2925109 0.3250011 0.3048889 0.2962321 0.3340841 0.3524809 0.2902216 0.2590891 0.2956394 0.3938823 0.4304691 0.4425617 0.3341967 0.4267869 0.3281313 0.4055889 0.4393993 0.4300577 0.4555549 0.4390131 0.4390131 0.3792765 0.3737526 0.3958028 0.3524755 0.4076058 0.4741572 0.4701391 0.4476588 0.4625075 0.4741572 0.3756687 0.3780107 0.3608395 0.3427254 0.3390972 0.5716262 0.3854382 0.3498326 0.5825226 0.5255915 0.3703218 0.3515416 0.4331336 0.7721382 0.6356649 0.8414029 0.5183021 0.4880334 0.6109708 0.3867971 0.3348854 0.5022572 0.4662562 0.3186790 0.3688005 0.4592269 0.3778186 0.4146564 0.5225313 0.3731257 0.5684875 0.4930386 0.4319885 0.6935087 0.3952549 0.4053235 0.4493369 0.4800810 0.4454919 0.5207101 0.4499118 0.3823619 0.5860373 0.3961186 0.5065680 0.7498097 0.3155998 0.5339437 0.6443635 0.5435701 0.9400684 0.6081871 0.4488408 0.6529524 0.4453275 0.5115728 0.5135149 0.5464782 0.9266937 0.4289522 0.4184504 0.2771804 0.7457402 0.4550263 0.6125727 0.3965651 0.6393649 0.2763416 0.4476588 0.4471934 0.4677703 0.4583802 0.9534968 1.3456766 
ASV6864.118                                                       0.2585629 0.0241053 0.0000010 0.0000000 0.0000010 0.1501705 0.1379769 0.1254571 0.1581986 0.2236137 0.1841113 0.2244859 0.2029063 0.2184332 0.1914373 0.4323657 0.4726493 0.2549367 0.2357970 0.1931075 0.2436845 0.3512952 0.3102817 0.3145715 0.3070915 0.3064674 0.2391445 0.2808622 0.2936248 0.3301750 0.3256406 0.3256406 0.3256406 0.3211224 0.3650711 0.3197640 0.3432000 0.3025657 0.3025657 0.3407680 0.2762167 0.2930860 0.3119155 0.3296759 0.3103134 0.2944508 0.3062623 0.3062623 0.3103134 0.2779820 0.3318526 0.3448496 0.3448496 0.2958602 0.2924645 0.2961575 0.3106124 0.2906830 0.2999074 0.2999074 0.2828939 0.2951429 0.2951429 0.2779820 0.2713524 0.3027726 0.2744580 0.3252243 0.3222383 0.3406192 0.3406192 0.3468954 0.2694157 0.2863009 0.3026315 0.2863009 0.3000400 0.3000400 0.3222383 0.3360187 0.3542577 0.3461063 0.2704120 0.2708756 0.2647265 0.2704120 0.2835777 0.2835777 0.2376171 0.2435589 0.2206357 0.2349057 0.2258261 0.2230583 0.3837787 0.2759679 0.2921186 0.2749448 0.2803459 0.3119693 0.2925109 0.3250011 0.3048889 0.2962321 0.3340841 0.3524809 0.2902216 0.2590891 0.2956394 0.3768166 0.4126694 0.4246996 0.3516392 0.4329679 0.3328447 0.4114054 0.4458916 0.4364512 0.4624321 0.4454994 0.4454994 0.3426845 0.3574732 0.3789837 0.3366805 0.3903691 0.4814258 0.4772804 0.4544438 0.4696890 0.4814258 0.3592173 0.3613863 0.3399582 0.3474057 0.3202440 0.5469876 0.3662651 0.3449215 0.5531759 0.4629911 0.3654067 0.3562571 0.4258107 0.7898718 0.6041346 0.8628653 0.5086516 0.4959372 0.5383540 0.3935174 0.3151732 0.5188273 0.4928719 0.3186790 0.3688005 0.4138765 0.3848305 0.4221918 0.5308421 0.3795728 0.5555613 0.5022722 0.4319885 0.7097559 0.3957182 0.4123207 0.4493369 0.4534934 0.4454919 0.5315159 0.4421124 0.3891630 0.5568506 0.3961186 0.5161333 0.7675599 0.3155998 0.5071757 0.6125697 0.5549627 0.9164721 0.5389394 0.4040678 0.6309275 0.4036880 0.5193337 0.4894942 0.5564233 1.0072343 0.4214271 0.4120144 0.2361231 0.7599375 0.4722130 0.5890574 0.3908606 0.6393649 0.2763416 0.4544438 0.4268562 0.4510660 0.4515465 0.9116209 1.2689101 
ASV10026.40                                                       0.2585629 0.0241053 0.0000010 0.0000010 0.0000000 0.1501705 0.1379769 0.1254571 0.1581986 0.2236137 0.1841113 0.2244859 0.2029063 0.2184332 0.1914373 0.4323657 0.4726493 0.2549367 0.2357970 0.1931075 0.2436845 0.3512952 0.3102817 0.3145715 0.3070915 0.3064674 0.2391445 0.2808622 0.2936248 0.3301750 0.3256406 0.3256406 0.3256406 0.3211224 0.3650711 0.3197640 0.3432000 0.3025657 0.3025657 0.3407680 0.2762167 0.2930860 0.3119155 0.3296759 0.3103134 0.2944508 0.3062623 0.3062623 0.3103134 0.2779820 0.3318526 0.3448496 0.3448496 0.2958602 0.2924645 0.2961575 0.3106124 0.2906830 0.2999074 0.2999074 0.2828939 0.2951429 0.2951429 0.2779820 0.2713524 0.3027726 0.2744580 0.3252243 0.3222383 0.3406192 0.3406192 0.3468954 0.2694157 0.2863009 0.3026315 0.2863009 0.3000400 0.3000400 0.3222383 0.3360187 0.3542577 0.3461063 0.2704120 0.2708756 0.2647265 0.2704120 0.2835777 0.2835777 0.2376171 0.2435589 0.2206357 0.2349057 0.2258261 0.2230583 0.3837787 0.2759679 0.2921186 0.2749448 0.2803459 0.3119693 0.2925109 0.3250011 0.3048889 0.2962321 0.3340841 0.3524809 0.2902216 0.2590891 0.2956394 0.3768166 0.4126694 0.4246996 0.3516392 0.4329679 0.3328447 0.4114054 0.4458916 0.4364512 0.4624321 0.4454994 0.4454994 0.3426845 0.3574732 0.3789837 0.3366805 0.3903691 0.4814258 0.4772804 0.4544438 0.4696890 0.4814258 0.3592173 0.3613863 0.3399582 0.3474057 0.3202440 0.5469876 0.3662651 0.3449215 0.5531759 0.4629911 0.3654067 0.3562571 0.4258107 0.7898718 0.6041346 0.8628653 0.5086516 0.4959372 0.5383540 0.3935174 0.3151732 0.5188273 0.4928719 0.3186790 0.3688005 0.4138765 0.3848305 0.4221918 0.5308421 0.3795728 0.5555613 0.5022722 0.4319885 0.7097559 0.3957182 0.4123207 0.4493369 0.4534934 0.4454919 0.5315159 0.4421124 0.3891630 0.5568506 0.3961186 0.5161333 0.7675599 0.3155998 0.5071757 0.6125697 0.5549627 0.9164721 0.5389394 0.4040678 0.6309275 0.4036880 0.5193337 0.4894942 0.5564233 1.0072343 0.4214271 0.4120144 0.2361231 0.7599375 0.4722130 0.5890574 0.3908606 0.6393649 0.2763416 0.4544438 0.4268562 0.4510660 0.4515465 0.9116209 1.2689101 
ASV3442.247                                                       0.3727826 0.1708547 0.1485203 0.1501705 0.1501705 0.0000000 0.0082440 0.0717238 0.1927845 0.2745557 0.2694192 0.2968629 0.2968629 0.3177139 0.3179787 0.3847030 0.4713460 0.3716229 0.3474939 0.2197199 0.2606057 0.3281994 0.3321650 0.3268672 0.3394866 0.3402074 0.2685602 0.3470960 0.2854161 0.3215706 0.3822043 0.3822043 0.3822043 0.3762333 0.2816490 0.3547491 0.4021064 0.2945043 0.2945043 0.3227347 0.2860395 0.3040147 0.3241547 0.3430540 0.3223536 0.2916120 0.3179278 0.3179278 0.3223536 0.3435308 0.3334827 0.3658269 0.3658269 0.3167749 0.3090150 0.2955867 0.3287827 0.3487777 0.3184560 0.3184560 0.2998890 0.3638565 0.3638565 0.3629344 0.3309746 0.3471025 0.3352130 0.3873893 0.3518881 0.3518881 0.3518881 0.3543088 0.3520244 0.3733335 0.3936529 0.3733335 0.3681978 0.3681978 0.3733335 0.2806465 0.2720269 0.3086812 0.2695571 0.3002421 0.2634592 0.2695571 0.2780923 0.2780923 0.2410776 0.3098810 0.2723335 0.2958366 0.2799601 0.2759908 0.3504684 0.3777505 0.3770456 0.3562403 0.3720579 0.4043958 0.3648759 0.4036512 0.3098308 0.3203528 0.3538335 0.3741283 0.3144532 0.3369664 0.3520357 0.3904905 0.4652335 0.4780208 0.4915185 0.5254414 0.3824004 0.4425150 0.4804677 0.4855641 0.5144304 0.4950661 0.4950661 0.4154403 0.4346447 0.4599516 0.4103920 0.4739261 0.5467818 0.5941748 0.5777705 0.5842029 0.5467818 0.3975202 0.4435025 0.4131433 0.4613557 0.3980962 0.6579786 0.5306620 0.5483003 0.7147867 0.5513226 0.4081678 0.4156112 0.4403964 1.0823372 0.6878761 0.9793876 0.4996394 0.5843338 0.7401973 0.5139670 0.3631731 0.5328878 0.5090131 0.4286187 0.5505595 0.4857635 0.3995096 0.4362664 0.6373339 0.4472126 1.0272573 0.5554359 0.5461585 0.8235156 0.4944684 0.4793000 0.6011394 0.6392160 0.4976666 0.6870437 0.5850244 0.4766157 0.7188715 0.4419441 0.5768349 0.8899676 0.4302572 0.5805342 0.7930369 0.6655331 1.1038328 0.6627617 0.6294795 0.5576147 0.4809022 0.6424767 0.5284083 0.6836223 0.9533654 0.6127781 0.6186069 0.3657852 0.7088916 0.5415135 0.7225180 0.5552862 0.6827556 0.2981692 0.5263536 0.5928683 0.4039880 0.5896139 1.7025013 1.4717711 
ASV4176.193                                                       0.3521743 0.1696387 0.1364667 0.1379769 0.1379769 0.0082440 0.0000000 0.0614794 0.1756651 0.2549301 0.2503032 0.2768682 0.2768682 0.2971876 0.2965103 0.3643408 0.4462157 0.3474939 0.3238939 0.2013537 0.2421395 0.3104181 0.3141232 0.3009949 0.3122870 0.3331498 0.2457779 0.3588082 0.2780896 0.3132020 0.3715736 0.3742339 0.3715736 0.3659288 0.2743755 0.3668510 0.3908745 0.2866953 0.2866953 0.3139492 0.2783204 0.2957884 0.3152893 0.3336431 0.3136073 0.2839873 0.3093888 0.3093888 0.3136073 0.3347605 0.3246207 0.3561494 0.3561494 0.2989556 0.3009813 0.2878425 0.3201507 0.3395260 0.3102393 0.3102393 0.2922007 0.3544567 0.3544567 0.3536033 0.3221413 0.3378246 0.3261760 0.3873703 0.3424232 0.3424232 0.3424232 0.3446998 0.3425658 0.3631841 0.3828669 0.3631841 0.3582887 0.3582887 0.3631841 0.2732484 0.2649678 0.3002018 0.2622969 0.3005284 0.2564847 0.2622969 0.2780923 0.2780923 0.2576262 0.3076409 0.2703119 0.2777799 0.2627630 0.2590837 0.3399252 0.3674409 0.3668085 0.3466322 0.3617866 0.3931666 0.3548839 0.3924959 0.3017151 0.3117470 0.3524199 0.3720880 0.3057675 0.3279467 0.3506935 0.3909815 0.4551603 0.4677798 0.4583797 0.4858868 0.3507353 0.4081148 0.4433288 0.4480296 0.4749271 0.4843000 0.4572647 0.4065439 0.4254923 0.4501939 0.3841828 0.4511903 0.5298485 0.5754722 0.5596362 0.5658079 0.5298485 0.3666889 0.4158732 0.3806435 0.4268198 0.3680017 0.6145040 0.4861625 0.5206245 0.6419155 0.5288607 0.3957623 0.4038112 0.4396041 0.9726674 0.6859548 0.9434559 0.4597089 0.5653555 0.7065438 0.4947894 0.3498944 0.5006908 0.4884069 0.4144851 0.5283596 0.4467720 0.4120816 0.4477857 0.6165079 0.4035103 0.9596951 0.5338506 0.5366225 0.7378746 0.4644234 0.4624733 0.5760566 0.5728772 0.4789592 0.6183529 0.5609503 0.4588837 0.6622864 0.4256467 0.5545248 0.7976946 0.4154262 0.5567042 0.7108481 0.6450210 1.0346740 0.6344827 0.6089976 0.5575343 0.4456788 0.6221986 0.4804864 0.6379953 0.9590396 0.5592677 0.5878483 0.3454917 0.6818251 0.5322434 0.6654419 0.5272621 0.7040281 0.2902838 0.5102737 0.5543829 0.3930142 0.5610036 1.4984520 1.3280809 
ASV2145.495                                                       0.3257619 0.1566491 0.1487507 0.1254571 0.1254571 0.0717238 0.0614794 0.0000000 0.1709998 0.2480723 0.2436934 0.2389771 0.2389771 0.2573562 0.2549565 0.3430383 0.4765257 0.3217377 0.2987986 0.2207363 0.2228177 0.2797070 0.2830075 0.3538941 0.3463062 0.3256199 0.2548136 0.3585716 0.2756242 0.3106383 0.3688623 0.3715045 0.3688623 0.3632489 0.2719062 0.3419390 0.3882016 0.2841266 0.2841266 0.3112649 0.2757274 0.2931465 0.3125912 0.3309288 0.3109321 0.3067428 0.3067454 0.3067454 0.3109321 0.3322361 0.3422055 0.3745470 0.3745470 0.2926627 0.3175570 0.3042177 0.3373984 0.3659366 0.3076995 0.3076995 0.2897052 0.3519143 0.3519143 0.3510720 0.3195041 0.3555507 0.3235101 0.3847367 0.3812426 0.3812426 0.3812426 0.3839745 0.3823207 0.4046816 0.4259440 0.4046816 0.3350424 0.3350424 0.3605192 0.3507102 0.3404324 0.3842214 0.2997234 0.3003498 0.2905340 0.2997234 0.2715253 0.2715253 0.2518151 0.3049928 0.2500093 0.2527465 0.2567460 0.2532064 0.4087570 0.3647727 0.3641529 0.3439690 0.3942056 0.4270015 0.3648019 0.4027861 0.3586423 0.3710872 0.4170117 0.4391401 0.3444963 0.3666820 0.4142221 0.3515361 0.3990046 0.3872954 0.4385552 0.5102840 0.3337960 0.4303215 0.4674778 0.4854941 0.4854941 0.4951202 0.4670615 0.3525720 0.3724979 0.3955328 0.3333909 0.3894676 0.5892601 0.5834581 0.5569212 0.5958809 0.5892601 0.4065315 0.4543298 0.3882090 0.4110377 0.3530642 0.6951222 0.4813391 0.4906646 0.5497261 0.5262142 0.4169159 0.4388662 0.4341593 1.0491103 0.5273717 0.9141661 0.4918347 0.6312764 0.6094190 0.4919809 0.4380130 0.4487778 0.5612245 0.4114268 0.5257367 0.4294319 0.4458792 0.4444799 0.6507108 0.4275185 0.8903201 0.5313941 0.6642770 0.8302179 0.4194833 0.5070968 0.5960676 0.4876911 0.5879440 0.6901378 0.5189427 0.4557401 0.7501851 0.5245296 0.5523621 0.8315325 0.4730377 0.5544388 0.6110517 0.6438331 0.9742915 0.5481866 0.5252445 0.6750484 0.4407152 0.6912932 0.6227082 0.6368283 0.9273049 0.5560654 0.6284625 0.3195400 0.6531528 0.5832626 0.6394122 0.4969293 0.6233619 0.3467972 0.5671079 0.5512191 0.3999272 0.5629906 1.5079708 1.3369554 
ASV23814.19                                                       0.2830405 0.1433956 0.1618501 0.1581986 0.1581986 0.1927845 0.1756651 0.1709998 0.0000000 0.0341585 0.0963348 0.1397686 0.1095030 0.1207144 0.1258349 0.1482800 0.1766643 0.1726575 0.2030380 0.2164975 0.2466031 0.2024311 0.2213499 0.2372437 0.2457449 0.2455579 0.2466593 0.2788042 0.2847359 0.3222691 0.2760582 0.2760582 0.2933965 0.2760582 0.3223799 0.2676168 0.3212903 0.2746756 0.2579404 0.3030429 0.2748664 0.2580723 0.2746756 0.2579404 0.2579404 0.2767731 0.2724476 0.2724476 0.2579404 0.2688234 0.2537338 0.2340195 0.2340195 0.2505092 0.2505092 0.2537338 0.2505092 0.3791628 0.2501245 0.2501245 0.2288066 0.2688234 0.2688234 0.2688234 0.2578033 0.2718139 0.2608052 0.3228385 0.3001194 0.3066562 0.3048000 0.3226701 0.3384493 0.3037618 0.3037618 0.3037618 0.2912910 0.2850575 0.3001194 0.3071202 0.3250700 0.3348987 0.3467069 0.3208640 0.2954876 0.3467069 0.2859146 0.2712885 0.2476005 0.2486238 0.2321992 0.2394023 0.2352333 0.2321992 0.3213483 0.2579267 0.2684951 0.2514929 0.2594436 0.2268630 0.2100244 0.2261006 0.2332993 0.2530666 0.2953931 0.3134119 0.2329315 0.3053159 0.3391535 0.3318398 0.4270924 0.4680184 0.3998673 0.5215056 0.4136894 0.4098108 0.3970118 0.4220182 0.4220182 0.4159040 0.4159040 0.3779090 0.4240684 0.4489090 0.4002122 0.4602016 0.4257942 0.4666359 0.4321025 0.4373433 0.4257942 0.3891285 0.4008386 0.4334022 0.3923938 0.3270272 0.5195151 0.3107707 0.4025858 0.7150170 0.4635538 0.3273243 0.3523198 0.3700387 0.8168623 0.5654671 0.7798402 0.4320686 0.4297115 0.5754076 0.4234034 0.3205707 0.3114161 0.3845454 0.3106353 0.3724574 0.3674394 0.4078595 0.4033561 0.4661586 0.3547455 0.6279304 0.3658999 0.5529876 0.5578100 0.3680972 0.3717497 0.3207972 0.5805829 0.3926095 0.4839247 0.4605019 0.3680972 0.5581484 0.3116719 0.3777281 0.5396320 0.3832313 0.4742529 0.9194134 0.7135627 0.8337376 0.5407325 0.4253875 0.5514554 0.3772047 0.4567227 0.3426913 0.5104296 0.8519297 0.3501040 0.3858268 0.3238192 0.8462363 0.5042039 0.8991876 0.4200811 0.6454903 0.2198079 0.4456825 0.4777999 0.3406110 0.4783219 1.5704193 1.2319818 
ASV10459.48                                                       0.2772245 0.2063774 0.2291552 0.2236137 0.2236137 0.2745557 0.2549301 0.2480723 0.0341585 0.0000000 0.0670703 0.1072447 0.0793139 0.0901671 0.0941213 0.1480800 0.2018000 0.1577251 0.1870318 0.2188886 0.2493670 0.1787887 0.1965797 0.2733530 0.2839598 0.2837690 0.2913060 0.3459975 0.3662350 0.4099420 0.3383638 0.3383638 0.3580854 0.3383638 0.4129912 0.3520661 0.3668272 0.3365180 0.3175708 0.3874711 0.3530740 0.3336837 0.3365180 0.3175708 0.3175708 0.3563253 0.3336837 0.3336837 0.3175708 0.3448814 0.3273785 0.3040738 0.3040738 0.3229916 0.3229916 0.3273785 0.3229916 0.4753618 0.3222728 0.3222728 0.2969792 0.3448814 0.3448814 0.3448814 0.3305547 0.3463791 0.3347012 0.3901330 0.3472401 0.3550094 0.3525780 0.3747065 0.4076828 0.3684167 0.3684167 0.3684167 0.3339041 0.3266295 0.3472401 0.3555710 0.3755527 0.3876370 0.3824610 0.3540367 0.3226837 0.4001256 0.3433970 0.3274237 0.3000219 0.3015155 0.2831755 0.2918456 0.2871349 0.2831755 0.3975503 0.2605973 0.2773408 0.2596028 0.2870412 0.2518371 0.2336521 0.2509839 0.2922170 0.3156822 0.3441039 0.3441039 0.2947052 0.3159175 0.3513736 0.3925790 0.4730417 0.4930774 0.4289260 0.5495276 0.4213122 0.4786229 0.4648213 0.5239973 0.5239973 0.4866802 0.4866802 0.4329437 0.5174418 0.5252732 0.4686911 0.5394387 0.5036590 0.5516460 0.5117306 0.5179999 0.5036590 0.4622647 0.4562531 0.5217985 0.4722628 0.3922470 0.5691082 0.3422679 0.4142587 0.8985705 0.5968023 0.4030336 0.4257866 0.4637185 0.9285730 0.7039888 0.8103165 0.5881545 0.5121340 0.6888275 0.5763821 0.4375551 0.2752066 0.5060539 0.3234809 0.3802673 0.4500100 0.5620176 0.5501273 0.5526368 0.4389967 0.6735292 0.5004398 0.5891377 0.6992895 0.5037131 0.5005544 0.3681458 0.6010211 0.5108504 0.6067148 0.5488060 0.5037131 0.6711873 0.4093383 0.5163827 0.6716298 0.4016676 0.6081921 1.2839036 0.8790225 0.8690000 0.6941588 0.4229401 0.6455766 0.4549243 0.5606977 0.3354716 0.5586288 0.7787958 0.3857650 0.4569335 0.3190052 0.9551581 0.6477633 0.9795237 0.4728666 0.6776694 0.2771539 0.5263624 0.5222905 0.3722926 0.4961978 1.7219615 1.4959375 
ASV12115.123                                                      0.2502536 0.1685978 0.1884223 0.1841113 0.1841113 0.2694192 0.2503032 0.2436934 0.0963348 0.0670703 0.0000000 0.0269313 0.0083559 0.0168679 0.0174161 0.1848273 0.2662128 0.1380029 0.1669265 0.1878125 0.2196711 0.2152115 0.1994794 0.2730996 0.2832136 0.2826782 0.3118499 0.2881354 0.2416883 0.2755129 0.2688627 0.2688627 0.2856646 0.2688627 0.3715754 0.2605184 0.3127923 0.2675515 0.2513236 0.2948430 0.2677133 0.2514319 0.2675515 0.2513236 0.2513236 0.2886370 0.2654249 0.2654249 0.2513236 0.2480318 0.2473246 0.2282471 0.2282471 0.2442505 0.2442505 0.2473246 0.2442505 0.3686104 0.2438952 0.2438952 0.2232717 0.2480318 0.2480318 0.2480318 0.2514143 0.2650377 0.2542719 0.3143535 0.3011131 0.3076267 0.3057734 0.3036034 0.3576424 0.3219093 0.3219093 0.3219093 0.3091724 0.3025463 0.3011131 0.3080889 0.3259372 0.3357217 0.3474411 0.3498498 0.3233281 0.3474411 0.2967915 0.2823660 0.2751537 0.2763946 0.2592388 0.2671013 0.2626972 0.2592388 0.3680306 0.2251525 0.2378706 0.2217737 0.2370029 0.2062168 0.1903358 0.2055257 0.2426284 0.2624178 0.3047055 0.3226239 0.2426939 0.2724570 0.3044597 0.3309838 0.3467797 0.3432070 0.3522167 0.4751687 0.3540983 0.4320690 0.4190954 0.4050511 0.4050511 0.4387055 0.4387055 0.4317926 0.4613577 0.4876547 0.4362288 0.4466157 0.3991775 0.4383060 0.4309478 0.4110174 0.3991775 0.3794787 0.3447250 0.4327162 0.3915565 0.3260878 0.4489441 0.2466648 0.3220546 0.6852783 0.4602166 0.3178212 0.3426873 0.4155371 1.0160006 0.5555383 0.6179190 0.3536428 0.4017280 0.5629044 0.3829880 0.3635047 0.2622576 0.3688921 0.2719016 0.3181439 0.4423200 0.3913752 0.3887797 0.4374487 0.4680526 0.4780047 0.3528962 0.4843879 0.6431604 0.3549595 0.3583436 0.2850120 0.4748546 0.4040634 0.5501723 0.4946753 0.3549595 0.4645110 0.3235489 0.3641465 0.5751434 0.3367520 0.4643045 0.7773671 0.6546654 0.6599920 0.5293358 0.3667011 0.7172824 0.3668857 0.4733533 0.3361022 0.4122564 0.8545704 0.2799092 0.3770723 0.2882375 0.8898692 0.4281418 0.9165930 0.3249828 0.6345640 0.2292472 0.4184649 0.4260803 0.2939096 0.3435189 1.3861830 0.7919931 
ASV7970.12                                                        0.2619772 0.2072355 0.2300453 0.2244859 0.2244859 0.2968629 0.2768682 0.2389771 0.1397686 0.1072447 0.0269313 0.0000000 0.0170726 0.0258507 0.0269197 0.2242914 0.3068560 0.1951294 0.2065627 0.2185316 0.2502414 0.2461619 0.2311305 0.3002227 0.2832136 0.2810152 0.3248485 0.2881354 0.2416883 0.2755129 0.2688627 0.2688627 0.2856646 0.2688627 0.3715754 0.2605184 0.3127923 0.2675515 0.2513236 0.2948430 0.2677133 0.2514319 0.2675515 0.2513236 0.2513236 0.3325823 0.2654249 0.2654249 0.2513236 0.2605535 0.2473246 0.2282471 0.2282471 0.2442505 0.2442505 0.2473246 0.2442505 0.3660598 0.2426582 0.2426582 0.2222141 0.2605535 0.2605535 0.2605535 0.2514143 0.2904694 0.2542719 0.3143535 0.3011131 0.3076267 0.3057734 0.3036034 0.3576424 0.3219093 0.3219093 0.3219093 0.3072804 0.3007410 0.3011131 0.3371643 0.3561318 0.3671805 0.3451552 0.3475091 0.3212517 0.3451552 0.3249613 0.3098410 0.2751537 0.2763946 0.2592388 0.2671013 0.2626972 0.2592388 0.3680306 0.2251525 0.2378706 0.2217737 0.2370029 0.2062168 0.1903358 0.2055257 0.2669797 0.2883228 0.3338645 0.3529590 0.2681858 0.2724570 0.3332158 0.3327556 0.3333876 0.3298859 0.3541387 0.4778698 0.3765025 0.4600317 0.4464223 0.4311074 0.4311074 0.4675861 0.4675861 0.4341972 0.4638627 0.4903133 0.4385906 0.4490636 0.4343882 0.3946157 0.4235070 0.4322905 0.4343882 0.4204108 0.3830622 0.4376251 0.3956090 0.3288107 0.5230604 0.2627712 0.3383329 0.6903061 0.5152307 0.3178212 0.3426873 0.4155371 1.0504727 0.5596957 0.5965749 0.3989625 0.4387741 0.5442040 0.4027279 0.4085559 0.3109866 0.3688921 0.2719016 0.3181439 0.4205743 0.3913752 0.3849090 0.4334886 0.4888489 0.5047385 0.3496572 0.5421243 0.7075820 0.3516751 0.3811622 0.2850120 0.5194071 0.4511987 0.5820533 0.4887911 0.3516751 0.5332225 0.3631177 0.3606928 0.6301863 0.3367520 0.4507568 0.7830116 0.6597299 0.6378480 0.5128339 0.3929373 0.7808014 0.3819699 0.5408449 0.3309775 0.4808976 0.8257155 0.2969637 0.4329061 0.3021737 0.7166167 0.4472324 0.9118320 0.3413096 0.5143732 0.2529034 0.4545585 0.4965040 0.3272498 0.3943795 1.1603390 0.9873324 
ASV27726.7                                                        0.2619772 0.1866721 0.2077592 0.2029063 0.2029063 0.2968629 0.2768682 0.2389771 0.1095030 0.0793139 0.0083559 0.0170726 0.0000000 0.0080336 0.0083530 0.2031675 0.2896281 0.1550085 0.1854126 0.2078571 0.2382566 0.2341069 0.2198982 0.3002227 0.2832136 0.2810152 0.3248485 0.2881354 0.2416883 0.2755129 0.2688627 0.2688627 0.2856646 0.2688627 0.3715754 0.2605184 0.3127923 0.2675515 0.2513236 0.2948430 0.2677133 0.2514319 0.2675515 0.2513236 0.2513236 0.2886370 0.2654249 0.2654249 0.2513236 0.2605535 0.2473246 0.2282471 0.2282471 0.2442505 0.2442505 0.2473246 0.2442505 0.3660598 0.2426582 0.2426582 0.2222141 0.2605535 0.2605535 0.2605535 0.2514143 0.2904694 0.2542719 0.3143535 0.3011131 0.3076267 0.3057734 0.3036034 0.3576424 0.3219093 0.3219093 0.3219093 0.3072804 0.3007410 0.3011131 0.3371643 0.3561318 0.3671805 0.3451552 0.3475091 0.3212517 0.3451552 0.3249613 0.3098410 0.2751537 0.2763946 0.2592388 0.2671013 0.2626972 0.2592388 0.3680306 0.2251525 0.2378706 0.2217737 0.2370029 0.2062168 0.1903358 0.2055257 0.2669797 0.2883228 0.3338645 0.3529590 0.2681858 0.2724570 0.3332158 0.3309838 0.3467797 0.3432070 0.3522167 0.4751687 0.3540983 0.4320690 0.4190954 0.4050511 0.4050511 0.4387055 0.4387055 0.4317926 0.4613577 0.4876547 0.4362288 0.4466157 0.4318756 0.3923635 0.4210675 0.4297726 0.4318756 0.4348195 0.3974774 0.4518166 0.4094289 0.3417678 0.5230604 0.2627712 0.3388363 0.6852783 0.5152307 0.3178212 0.3426873 0.4155371 1.0504727 0.5555383 0.6179190 0.3989625 0.4361196 0.5442040 0.4027279 0.4085559 0.2900840 0.3688921 0.2719016 0.3181439 0.4357215 0.3913752 0.3849090 0.4309478 0.4888489 0.5072086 0.3496572 0.5421243 0.6431604 0.3516751 0.3811622 0.2850120 0.4748546 0.4511987 0.5820533 0.4887911 0.3516751 0.5541695 0.3631177 0.3606928 0.5751434 0.3367520 0.4507568 0.7773671 0.6546654 0.6599920 0.5128339 0.3929373 0.7172824 0.3957473 0.5378354 0.3309775 0.4808976 0.8257155 0.2969637 0.4329061 0.3021737 0.8600694 0.4472324 0.8882849 0.3418296 0.6163916 0.2529034 0.4519447 0.4965040 0.3272498 0.3952359 1.3404520 0.9873324 
ASV4575.23                                                        0.2797068 0.2016977 0.2237175 0.2184332 0.2184332 0.3177139 0.2971876 0.2573562 0.1207144 0.0901671 0.0168679 0.0258507 0.0080336 0.0000000 0.0168615 0.1890698 0.2832861 0.1518873 0.1815922 0.2220636 0.2525974 0.2487161 0.2341959 0.3182704 0.3009503 0.2984933 0.3426410 0.2715368 0.2579368 0.2927555 0.2856646 0.2856646 0.3029649 0.2856646 0.3925067 0.2774708 0.3306834 0.2842457 0.2675515 0.3127895 0.2844694 0.2677133 0.2842457 0.2675515 0.2675515 0.3054052 0.2819776 0.2819776 0.2675515 0.2767387 0.2632333 0.2434729 0.2434729 0.2599328 0.2599328 0.2632333 0.2599328 0.3858979 0.2581517 0.2581517 0.2369507 0.2767387 0.2767387 0.2767387 0.2670906 0.3074977 0.2701679 0.3321570 0.3185559 0.3254464 0.3234124 0.3218661 0.3770725 0.3402853 0.3402853 0.3402853 0.3251904 0.3182672 0.3185559 0.3561318 0.3756822 0.3874815 0.3641163 0.3667868 0.3399242 0.3641163 0.3434865 0.3280530 0.2916876 0.2930768 0.2753535 0.2836535 0.2790979 0.2753535 0.3897782 0.2408375 0.2536323 0.2370960 0.2527980 0.2211785 0.2048378 0.2204460 0.2834997 0.3056779 0.3529590 0.3726718 0.2854860 0.2892886 0.3520171 0.3504228 0.3664006 0.3626334 0.3726145 0.5005672 0.3742385 0.4545586 0.4414067 0.4267147 0.4267147 0.4617498 0.4617498 0.4550994 0.4851065 0.5124909 0.4590192 0.4700559 0.4184649 0.3801029 0.4079815 0.4163247 0.4184649 0.4348195 0.3974774 0.4518166 0.4094289 0.3417678 0.5230604 0.2627712 0.3590396 0.7318839 0.5506759 0.3376007 0.3618229 0.4447796 1.0176931 0.5937912 0.6605016 0.4286466 0.4219896 0.5821430 0.4319706 0.4380204 0.3114010 0.3985536 0.2916773 0.3438368 0.4220285 0.4216318 0.4135557 0.4173871 0.5219973 0.5446444 0.3762576 0.5792381 0.6885348 0.3784763 0.4090139 0.3089760 0.5087202 0.4815962 0.6241539 0.5233215 0.3784763 0.5541695 0.3891932 0.3880884 0.6145694 0.3601895 0.4818970 0.8314511 0.7013785 0.7055732 0.5475769 0.4246747 0.7553665 0.3755324 0.5224345 0.3309775 0.4808976 0.8257155 0.2969637 0.4569110 0.3213469 0.8600694 0.4472324 0.9354543 0.3621216 0.6163916 0.2691104 0.4381216 0.4965040 0.3272498 0.4173668 1.4257429 0.9873324 
ASV16329.1                                                        0.2747405 0.1752377 0.1960774 0.1914373 0.1914373 0.3179787 0.2965103 0.2549565 0.1258349 0.0941213 0.0174161 0.0269197 0.0083530 0.0168615 0.0000000 0.2275675 0.3222964 0.1770212 0.2098238 0.2294390 0.2634123 0.2596383 0.2418360 0.3295214 0.3117517 0.3090891 0.3239716 0.3013630 0.2671159 0.3031188 0.2956479 0.2956479 0.3135278 0.2956479 0.4066107 0.2874120 0.3420199 0.2941402 0.2768888 0.3239050 0.2944081 0.2770876 0.2941402 0.2768888 0.2768888 0.3156663 0.2917496 0.2917496 0.2768888 0.2576648 0.2723082 0.2518095 0.2518095 0.2549663 0.2549663 0.2582953 0.2549663 0.3836311 0.2531937 0.2531937 0.2316071 0.2576648 0.2576648 0.2576648 0.2623429 0.3035746 0.2654451 0.3287702 0.3148606 0.3218684 0.3198146 0.3180903 0.3746296 0.3370164 0.3370164 0.3370164 0.3215849 0.3145445 0.3148606 0.3532023 0.3731895 0.3852024 0.3614016 0.3640954 0.3365931 0.3614016 0.3402798 0.3244667 0.2874279 0.2888184 0.2707226 0.2791488 0.2744963 0.2707226 0.4044422 0.2493782 0.2624449 0.2453613 0.2616197 0.2289450 0.2120390 0.2281768 0.2932719 0.3163104 0.3653655 0.3857291 0.2957612 0.2993366 0.3310760 0.3630138 0.3793030 0.3753610 0.3861397 0.5185473 0.3716295 0.4536909 0.4568741 0.4416286 0.4416286 0.4778758 0.4778758 0.4542112 0.4848147 0.5126812 0.4582336 0.4694769 0.4623219 0.4193912 0.4505645 0.4336709 0.4623219 0.4375347 0.3989836 0.4550097 0.4112525 0.3413989 0.4978384 0.2450164 0.3545135 0.7349612 0.5763431 0.3339889 0.3590191 0.4433550 0.8897970 0.6213618 0.6908365 0.4494312 0.4683832 0.4928055 0.4048947 0.4363829 0.3297095 0.4189801 0.3036118 0.3605974 0.4669709 0.4194148 0.4111972 0.4617699 0.4945411 0.5398898 0.3942238 0.5354371 0.7206331 0.3751018 0.4065793 0.3239543 0.5088958 0.5032951 0.4864776 0.5238356 0.3751018 0.5629472 0.4069214 0.4067607 0.6429713 0.3756631 0.5140800 0.8340852 0.7045132 0.7375585 0.5845772 0.4224531 0.7812430 0.4214859 0.5436807 0.3361022 0.4573427 0.9247510 0.2778207 0.4531337 0.3173572 0.9614314 0.4720890 0.9829393 0.3576314 0.6875337 0.2784560 0.4837765 0.4723970 0.3757798 0.4133964 1.3249974 0.9204804 
ASV29004.1                                                        0.3596458 0.4084429 0.4441299 0.4323657 0.4323657 0.3847030 0.3643408 0.3430383 0.1482800 0.1480800 0.1848273 0.2242914 0.2031675 0.1890698 0.2275675 0.0000000 0.1777915 0.2271058 0.2299611 0.1896128 0.2320858 0.2049508 0.1997349 0.3717855 0.3856805 0.3648816 0.3796518 0.3806324 0.3565894 0.3929177 0.3358356 0.3358356 0.3529371 0.3358356 0.4265557 0.3489835 0.4015910 0.3044035 0.2885007 0.3888794 0.3741301 0.3562367 0.3720604 0.3543502 0.3543502 0.3870531 0.3692681 0.3692681 0.3543502 0.3919089 0.3751047 0.3689579 0.3689579 0.3880921 0.3880921 0.3930629 0.4089773 0.5333828 0.3804539 0.3804539 0.3436758 0.4132028 0.4132028 0.3919089 0.3390271 0.3534603 0.3616586 0.4102561 0.4042469 0.4122910 0.4095021 0.4139815 0.4485302 0.4099217 0.4294646 0.4099217 0.4087598 0.3890275 0.4042469 0.4283494 0.4484697 0.4869348 0.4746307 0.4779955 0.4065043 0.4746307 0.4717084 0.4541471 0.4036901 0.3656904 0.3290932 0.3562558 0.3515774 0.3468418 0.5059564 0.3986851 0.4003402 0.3808061 0.4235672 0.4217602 0.3706004 0.3902753 0.3962880 0.4434149 0.5018010 0.5018010 0.4142427 0.4727247 0.5133614 0.3870202 0.3525293 0.3953796 0.5002270 0.5073048 0.3893751 0.4530419 0.4413497 0.4302982 0.4302982 0.4369722 0.4369722 0.3326606 0.3845071 0.4044165 0.3652457 0.3924807 0.4611297 0.5005544 0.4935852 0.4989562 0.4611297 0.2826350 0.2836407 0.3544374 0.3268977 0.3194982 0.5576244 0.3148518 0.5349500 0.5488283 0.6304707 0.3998351 0.4201314 0.5591046 0.9495071 0.6595579 0.5131262 0.5543157 0.4694969 0.7434896 0.6325568 0.5266742 0.2630760 0.5014139 0.5111400 0.5971290 0.2939180 0.6537133 0.6453406 0.5005911 0.5749089 0.9027728 0.5942938 0.8918269 0.5944931 0.5905307 0.5758564 0.5920219 0.5153029 0.7151689 0.7556885 0.6357640 0.5905307 0.3324734 0.5622650 0.6235621 0.5326436 0.6186044 0.7134289 0.6594877 0.5232445 0.5726284 0.6596864 0.5595067 1.0787104 0.2909158 0.5093919 0.4223795 0.5163913 0.9047732 0.3845099 0.5886246 0.4054236 1.1355920 0.5027410 1.0262620 0.5081692 0.9346966 0.3805006 0.4800982 0.4355692 0.2457615 0.5461202 1.5479036 1.1020830 
ASV25696.0                                                        0.3455004 0.4450417 0.4868676 0.4726493 0.4726493 0.4713460 0.4462157 0.4765257 0.1766643 0.2018000 0.2662128 0.3068560 0.2896281 0.2832861 0.3222964 0.1777915 0.0000000 0.1921868 0.1944539 0.2291745 0.2530723 0.2541539 0.2869145 0.4672938 0.4867775 0.4868372 0.4744406 0.4828832 0.4473490 0.4919486 0.4449803 0.4449803 0.4663134 0.4449803 0.5360048 0.4646036 0.4526702 0.4770881 0.4549892 0.4619239 0.4455156 0.4247705 0.4425635 0.4220622 0.4220622 0.4072360 0.4390268 0.4390268 0.4220622 0.4967562 0.4403919 0.4562024 0.4562024 0.4791002 0.4791002 0.4609452 0.5046592 0.5817017 0.4537015 0.4537015 0.4548768 0.5237178 0.5237178 0.4967562 0.4289934 0.4464467 0.4345515 0.5384696 0.4634678 0.4864693 0.4826519 0.4912179 0.5455550 0.5014813 0.5248018 0.5014813 0.4297180 0.4525391 0.4766681 0.4761609 0.4990723 0.4922965 0.4736344 0.4519212 0.3876617 0.4924445 0.5055866 0.4864994 0.4135628 0.4161968 0.4162519 0.4055329 0.4004135 0.3944121 0.5961531 0.4520170 0.4727873 0.4498566 0.4102475 0.4443909 0.3910261 0.4123892 0.4186945 0.4701973 0.5066323 0.5066323 0.4491047 0.5044879 0.5491592 0.5065090 0.4090489 0.4249216 0.5277942 0.5849779 0.5914624 0.5031851 0.5672483 0.5329913 0.5329913 0.5617491 0.5617491 0.3592692 0.5544588 0.5620373 0.5456367 0.6168788 0.4185329 0.4544989 0.4478488 0.4526943 0.4185329 0.3370193 0.3066312 0.4106852 0.3910953 0.3622147 0.6597773 0.4764804 0.5533068 0.9864012 0.7685170 0.5867353 0.5839792 0.6653151 0.8851105 0.8722238 0.5853212 0.6427492 0.4245029 0.8691570 0.8665978 0.6264997 0.3880238 0.7295312 0.5637078 0.7133392 0.3303849 0.7254794 0.7963129 0.4756954 0.7687594 0.9362735 0.7334381 0.9720950 0.8475633 0.7588850 0.7239635 0.6448723 0.8867644 0.7753568 1.0227277 0.7730569 0.7588850 0.4193916 0.6098492 0.8037785 0.8928826 0.6746464 0.8596889 1.0284559 0.6529420 0.7320419 0.8205747 0.5460599 0.9611466 0.3914282 0.5021423 0.5024920 0.6883527 0.9706182 0.5803360 0.5096619 0.3834431 1.1857207 0.6115405 1.2712844 0.5250936 0.8570505 0.4016225 0.4593753 0.5177119 0.3615552 0.5647536 1.8689527 1.5880987 
ASV8509.6                                                         0.2790785 0.2340035 0.2623530 0.2549367 0.2549367 0.3716229 0.3474939 0.3217377 0.1726575 0.1577251 0.1380029 0.1951294 0.1550085 0.1518873 0.1770212 0.2271058 0.1921868 0.0000000 0.0166935 0.2189817 0.2065990 0.1698552 0.1566371 0.2893334 0.3017052 0.3236575 0.3513077 0.3498104 0.2895079 0.3308689 0.3009377 0.3009377 0.3208249 0.3009377 0.4238435 0.3357133 0.3881517 0.3082786 0.2891588 0.3550443 0.3204647 0.3005881 0.2992383 0.2800844 0.2800844 0.3203327 0.2965576 0.2965576 0.2800844 0.3024887 0.2920617 0.2685140 0.2685140 0.2878906 0.2878906 0.2920617 0.2878906 0.4422788 0.2987066 0.2987066 0.2730716 0.3024887 0.3024887 0.3024887 0.2985413 0.3148548 0.3024887 0.3324127 0.3196700 0.3245592 0.3223568 0.3206278 0.3476198 0.3524509 0.3524509 0.3524509 0.3610206 0.3524509 0.3041996 0.3800758 0.4019756 0.3817411 0.4006527 0.4141015 0.4063825 0.3946878 0.3730785 0.3783422 0.3279527 0.3087447 0.3087447 0.3190126 0.3136218 0.3087447 0.4115076 0.2116308 0.2458570 0.2281814 0.2925127 0.2629784 0.2429470 0.2620278 0.2862144 0.3109190 0.3883519 0.3883519 0.2885601 0.2840384 0.3193822 0.5339154 0.4712805 0.5045649 0.4459222 0.6717827 0.5339738 0.5731371 0.6570695 0.6796256 0.6796256 0.6870981 0.6870981 0.5349134 0.5547066 0.5962431 0.5747266 0.6245714 0.3681574 0.4060363 0.3987397 0.4037779 0.3681574 0.3344437 0.3274052 0.4170341 0.4101280 0.3379897 0.4300757 0.2752051 0.3526082 1.0736034 0.5585362 0.3605776 0.4151055 0.5842560 0.5827302 0.9516324 1.0432654 0.4599868 0.3691831 0.6806933 0.5102255 0.4303742 0.2564103 0.4692958 0.2856416 0.3048355 0.3841722 0.5139178 0.5478554 0.4047817 0.5729278 0.5667341 0.4944582 0.5365295 1.1676439 0.4979762 0.4409493 0.4023585 0.8967416 0.5174489 0.6899328 0.6361534 0.4979762 0.4523733 0.4096740 0.5116380 1.0583335 0.3604290 0.5758505 1.1988733 0.9098401 1.1142528 0.6591794 0.4336551 0.8105881 0.3342064 0.4307155 0.3313295 0.4043369 0.7956874 0.3115476 0.3686504 0.3225982 0.7853759 0.4507271 0.9999299 0.3809236 0.5561691 0.2702687 0.3871391 0.4242040 0.2637005 0.4031388 1.5806008 0.8317833 
