95
Exophiala_aquamarina         0.0000000 0.2589465 0.0930192 0.2556694 0.1232122 0.6221610 0.2741814 0.0303153 0.3313285 0.1010372 0.6219236 0.2649259 0.2517910 0.5229656 0.3443924 0.5058230 0.2784202 0.0624091 0.4006054 0.5067804 0.4806450 0.0931121 0.6935532 0.3015683 0.3541135 0.3116674 0.4234244 0.1761879 0.6841519 0.1800835 0.2449601 0.2536741 0.3451384 0.3813115 0.3452629 0.5150175 0.2270526 0.2243421 0.5473207 0.1002922 0.1812855 0.0709531 0.3469569 0.4620643 0.2665432 0.3130170 0.2908340 0.2347551 0.5468990 0.4547136 0.0670053 0.3126349 0.5950467 0.1326112 0.5396321 0.6251363 0.2369832 0.2617612 0.1002940 0.0870600 0.3416830 0.4556298 0.3968843 0.2817792 0.6576015 0.7477696 0.0959515 0.5229574 0.3345979 0.3593894 0.1636551 0.0622314 0.6630568 0.2915446 0.1414468 0.4884560 0.5467602 0.4730499 0.3292685 0.2800096 0.4247546 0.4791268 2.1090842 0.2464418 0.0725972 0.2500936 0.4418327 0.1141110 0.1836103 0.3560344 0.2643413 0.2526411 0.4340931 0.3450072 0.0674006 
Exophiala_Nigra__KHK9_       0.2589465 0.0000000 0.2641034 0.2193519 0.7018594 0.8857129 0.0577184 0.2774675 0.2908877 0.2593459 0.9489261 0.2044283 0.4709174 0.3608856 0.1659003 0.4547000 0.0254232 0.2478305 0.2931364 1.3540370 0.2372346 0.8949048 1.4639963 0.2472986 0.2293679 0.3027289 0.2338380 0.6286459 1.4837327 0.2695380 0.1932441 0.1849025 0.6570056 0.2926983 0.1694516 0.3428572 0.2284103 0.1703266 0.0398166 0.2560609 0.2361691 0.2247891 0.2580491 0.5420059 0.1863435 0.2061403 0.3025949 0.2633823 0.4332546 0.4399707 0.2324758 0.2951943 1.4324688 0.7238207 0.7159791 0.6644309 0.5177282 0.4929348 0.2561907 0.7362393 0.2231202 0.5158762 0.2818611 0.2313784 1.0224133 1.2257919 0.2485571 0.6590064 0.1868374 0.3057532 0.3023029 0.2278073 1.0356566 0.5948590 0.2312429 0.4201406 0.3482852 0.4470246 0.0795448 0.5658460 0.3122777 0.4254031 1.6851212 0.1910058 0.2498755 0.2237898 0.4053297 0.2544953 0.6505408 0.4612526 0.0489234 0.2593197 0.2722429 0.2000946 0.2366919 
Exophiala_embothrii          0.0930192 0.2641034 0.0000000 0.2839832 0.2009934 0.6311601 0.2749586 0.1106817 0.3147289 0.0270369 0.6616937 0.2876714 0.2280820 0.4553278 0.3419365 0.4999458 0.2577415 0.0784459 0.4537571 0.6595452 0.3960737 0.1946609 0.7221024 0.2809984 0.3028878 0.2995821 0.4349622 0.0342853 0.7221024 0.2119883 0.2626518 0.2631770 0.3951957 0.3989241 0.3487393 0.4486848 0.2496751 0.2125875 0.5150992 0.0128084 0.2107396 0.0931673 0.3296830 0.3749020 0.2587389 0.3233136 0.2907264 0.2474016 0.4666639 0.4494473 0.0749056 0.3050991 0.6967347 0.1853741 0.6271947 0.6731346 0.2430477 0.2375791 0.0188870 0.1797581 0.3182763 0.3598623 0.4259950 0.3191056 0.6616937 0.7998346 0.0510565 0.4858545 0.3538712 0.3499726 0.1687227 0.0810763 0.6511812 0.2642098 0.1199647 0.4104146 0.6479600 0.4324770 0.3069152 0.2532708 0.4059752 0.4737124 2.1154476 0.2780555 0.0550888 0.2571592 0.4308055 0.0498573 0.0292028 0.4428060 0.2739995 0.2470879 0.4270503 0.3858904 0.0918985 
Exophiala_heteromorpha       0.2556694 0.2193519 0.2839832 0.0000000 0.4166327 0.4591385 0.2108965 0.2850693 0.3577486 0.2895023 0.7143576 0.2128110 0.3388451 0.3841408 0.2988518 0.3705869 0.2071521 0.2425466 0.2567711 0.6124722 0.3041514 0.4066297 0.8561864 0.2257104 0.2656447 0.3177361 0.3108757 0.5692641 0.7982410 0.2748530 0.2227027 0.2225549 0.3234497 0.3101848 0.2968292 0.3786878 0.2763290 0.2201682 0.2740746 0.2465022 0.2798619 0.2548554 0.3118932 0.4331105 0.2116992 0.2415712 0.3023578 0.3324950 0.5475030 0.3513638 0.2450308 0.2828368 0.7688226 0.3981116 0.4588432 0.4872902 0.3491595 0.3518776 0.2901454 0.3681647 0.2581783 0.4270750 0.3211158 0.1415826 0.7437580 0.9666558 0.2882498 0.4231655 0.2795970 0.3137763 0.2290745 0.2518433 0.7026315 0.3992182 0.2524474 0.3797505 0.3214191 0.3559840 0.1927447 0.3836283 0.3483733 0.3529825 2.5201926 0.0712305 0.2809787 0.2284323 0.4015561 0.2756807 0.5543270 0.3134439 0.2092295 0.2058395 0.3653900 0.2965166 0.2611186 
ASV10600.3                   0.1232122 0.7018594 0.2009934 0.4166327 0.0000000 0.4962834 0.4720670 0.1440214 0.6449917 0.2245872 0.4686368 0.4457671 0.2732963 0.4740890 0.6771057 0.4472056 0.5367396 0.1588722 0.4984597 0.3728655 0.4246535 0.0869705 0.5435203 0.3700452 0.7129127 0.5247130 0.8665430 0.1966643 0.5180703 0.2558864 0.5120597 0.4504070 0.2786198 0.5520823 0.6608176 0.4679170 0.3292327 0.3581149 0.4475980 0.2454335 0.2133431 0.2271322 0.5665389 0.4011635 0.6259291 0.5044325 0.5529508 0.3480843 0.4478331 0.4263316 0.1605447 0.6240926 0.4342052 0.0443953 0.3519806 0.5379729 0.1584448 0.2835322 0.2023569 0.0869705 0.7618461 0.3963756 0.7329642 0.5042308 0.5037018 0.5607970 0.1553519 0.4415320 0.8024137 0.7144846 0.4554496 0.1362804 0.4736359 0.2835322 0.3003574 0.5164283 0.4135499 0.4419113 0.6995083 0.2732963 0.7650298 0.4472056 3.3041354 0.4946917 0.1642092 0.4961482 0.5419119 0.1948845 0.1896805 0.3502057 0.5368485 0.3753781 1.1952058 0.6140880 0.0533368 
ASV1780.3                    0.6221610 0.8857129 0.6311601 0.4591385 0.4962834 0.0000000 0.5526424 0.4850618 0.8015558 0.6318234 0.7441200 0.4962079 0.5409299 0.5084636 0.7735867 0.5010038 0.7463810 0.5358610 0.4851809 0.6726169 0.4669575 0.4739168 0.7190667 0.4873073 0.6887751 0.5919290 0.7431037 0.5445223 0.7190667 0.6255549 0.8495259 0.5752365 0.3705190 0.6669639 0.7541177 0.4905036 0.5888157 0.4982521 0.5135122 0.9049171 0.4956452 0.7723453 1.0520600 0.4857874 0.6129866 0.8373026 1.0250714 0.6593481 0.6051692 0.4773765 0.5230494 1.1574258 0.7960984 0.4528851 0.5066024 0.4545927 0.4816176 0.5605281 0.6381520 0.4739168 0.7356760 0.4794297 0.6921907 0.5379840 0.7441200 0.6868436 0.5568218 0.2855357 0.8725740 1.1743687 0.8836921 0.4292587 0.7330234 0.5605281 0.5916427 0.4800972 0.4407140 0.4773765 0.8060041 0.5409299 0.8001946 0.5010038 4.3033642 0.5729885 0.6795278 0.6421545 0.8214804 0.6523883 0.5315998 0.5205853 0.4595336 0.4727511 1.1445508 0.7095791 0.5104160 
Exophiala_bergeri            0.2741814 0.0577184 0.2749586 0.2108965 0.4720670 0.5526424 0.0000000 0.2506521 0.2856335 0.2705865 0.5377943 0.1603315 0.3221922 0.2593198 0.1513634 0.3813605 0.0685499 0.2439559 0.1768389 0.5394133 0.2795586 0.5741047 0.7039991 0.1893646 0.2100994 0.2708016 0.2079080 0.4750883 0.6791328 0.2500600 0.1686648 0.1661988 0.4345398 0.2330617 0.1574010 0.2489594 0.1827402 0.1819047 0.0674245 0.2693095 0.1970441 0.2937016 0.2311806 0.3319834 0.1608204 0.2132234 0.2631233 0.2190519 0.4353007 0.3772457 0.2386429 0.2765398 0.5565038 0.4645430 0.5632015 0.3824126 0.3733468 0.3338833 0.2621004 0.5153759 0.2315544 0.3282460 0.2602662 0.1769368 0.5649316 0.7244681 0.2369027 0.4141794 0.1749107 0.2864587 0.2856748 0.2138057 0.5301146 0.3744650 0.2081167 0.3480651 0.3711255 0.3772457 0.1067816 0.3607900 0.2944458 0.3650923 1.4038127 0.2003843 0.2358271 0.2042585 0.4203706 0.2610828 0.4869167 0.2816887 0.0829547 0.2367452 0.2396725 0.1661710 0.2359032 
Exophiala_prostantherae      0.0303153 0.2774675 0.1106817 0.2850693 0.1440214 0.4850618 0.2506521 0.0000000 0.2937245 0.1214323 0.5580852 0.2315076 0.2297115 0.4893818 0.2965976 0.4661400 0.2957918 0.0602223 0.3370613 0.4591586 0.5197329 0.1015650 0.6019038 0.2677700 0.3726373 0.3102078 0.4163744 0.2119276 0.6163917 0.2097201 0.2492148 0.2186291 0.2820713 0.3434398 0.2982078 0.4828764 0.1982145 0.1963577 0.5247006 0.1116434 0.1891897 0.1264453 0.3285131 0.4489004 0.2938807 0.3300885 0.3084071 0.2106990 0.4607748 0.4232649 0.0628881 0.3351225 0.5984653 0.1534712 0.5843635 0.5761543 0.2156869 0.2382309 0.1083648 0.0954001 0.3639211 0.4433016 0.4330415 0.2767743 0.5991825 0.6663831 0.1052677 0.4580913 0.3476246 0.3735635 0.1628703 0.0584492 0.5909400 0.2618337 0.1351934 0.4761996 0.7177912 0.4387058 0.3825865 0.2521827 0.4197546 0.4446446 1.5028196 0.2493168 0.0942531 0.2783597 0.4502861 0.1328383 0.2191427 0.3239180 0.3116030 0.2767703 0.4236888 0.2953143 0.0733997 
Exophiala_Nrusticola__KHK47_ 0.3313285 0.2908877 0.3147289 0.3577486 0.6449917 0.8015558 0.2856335 0.2937245 0.0000000 0.3082401 1.0263623 0.2704270 0.4501886 0.4430101 0.3665188 0.8074903 0.3070819 0.2959050 0.4368154 1.0132333 0.9534040 0.6112374 1.2782111 0.3338665 0.3681939 0.0058121 0.4274475 0.5219827 1.3316714 0.2963274 0.3039380 0.2722249 0.5287935 0.3570730 0.3544615 0.4355263 0.3199796 0.2100400 0.5203860 0.3121540 0.2693724 0.2851729 0.3434768 0.5459332 0.3121696 0.2963384 0.4094579 0.3221536 0.6384320 0.7326055 0.2726673 0.4153000 1.2078934 0.6017889 0.7274674 0.9532794 0.5140708 0.4699853 0.2915826 0.5267872 0.4219194 0.5361561 0.3276680 0.3275612 1.1363951 1.4240653 0.2561723 0.9630168 0.4204071 0.4275149 0.3123829 0.2755404 1.0067501 0.5580785 0.2682992 0.8350941 1.0978104 0.7441175 0.3482274 0.5325734 0.4247360 0.7456020 2.4002054 0.2974459 0.2762997 0.3009989 0.4036768 0.2948342 0.5055013 0.2907156 0.2958961 0.3514615 0.4073713 0.3500758 0.2816151 
Exophiala_bonariae           0.1010372 0.2593459 0.0270369 0.2895023 0.2245872 0.6318234 0.2705865 0.1214323 0.3082401 0.0000000 0.6011341 0.3055423 0.2483550 0.4651827 0.3477256 0.4810751 0.2656295 0.0814595 0.5108933 0.6071003 0.4248664 0.2006774 0.6526513 0.2739350 0.3051088 0.3107569 0.4209336 0.0089943 0.6526513 0.2131704 0.2640335 0.2755524 0.4209312 0.3922520 0.3468524 0.4588010 0.2484526 0.2220873 0.4892028 0.0269063 0.2077673 0.1013051 0.3072884 0.4016214 0.2658087 0.3241592 0.2803825 0.2570036 0.4747897 0.4350014 0.0712789 0.2937268 0.6398393 0.2241516 0.6365972 0.6530061 0.2616449 0.2578622 0.0276889 0.1858548 0.3190623 0.3867472 0.4492088 0.2940948 0.6011341 0.7012463 0.0656674 0.5093779 0.3567638 0.3284145 0.1753522 0.0852637 0.5923241 0.2858395 0.1302086 0.4769884 0.6031626 0.4194777 0.3254666 0.2749186 0.3664684 0.4575866 2.1977524 0.2599266 0.0743256 0.2628003 0.4310756 0.0646544 0.0135719 0.3880825 0.2669979 0.2485423 0.4008651 0.3732128 0.1121309 
ASV2573.125                  0.6219236 0.9489261 0.6616937 0.7143576 0.4686368 0.7441200 0.5377943 0.5580852 1.0263623 0.6011341 0.0000000 0.4734522 0.5581068 0.6169358 0.6933920 0.5496007 0.6859800 0.5563274 0.5131977 0.2390331 0.3771531 0.4844708 0.0503125 0.6397982 0.5926499 0.7214611 0.7913797 0.5184045 0.0604550 0.6971228 0.5882338 0.5591150 0.4701781 0.6601368 0.6765323 0.5945442 0.6680481 0.5122398 0.4546064 0.9395359 0.4838393 0.6797736 0.7837137 0.4738515 0.8647367 0.9129883 0.5126424 0.7294436 0.5925878 0.4976292 0.5657779 0.5746853 0.1762283 0.5094874 0.4387731 0.5299812 0.4988133 0.5786750 0.6339294 0.4844708 0.8456494 0.4563949 0.9948010 0.7314136 0.0084684 0.1371604 0.5521095 0.6086220 0.7812908 0.7583748 1.3131669 0.4611331 0.0128147 0.5786750 0.5539745 0.4874278 0.3558527 0.4976292 0.7143392 0.5581068 0.6804783 0.5496007 8.8998675 0.6042734 0.7144676 0.5697180 0.6738336 0.6421985 0.5057800 0.4226474 0.5143049 0.5800826 1.0415755 0.6298708 0.5948717 
Exophiala_abietophila        0.2649259 0.2044283 0.2876714 0.2128110 0.4457671 0.4962079 0.1603315 0.2315076 0.2704270 0.3055423 0.4734522 0.0000000 0.2747560 0.2800541 0.2583820 0.3591624 0.2133095 0.2711181 0.0295069 0.4104445 0.2666521 0.3847038 0.5671983 0.2167592 0.2516984 0.2717837 0.3022312 0.4750973 0.5671983 0.2743701 0.1214380 0.1251384 0.3368386 0.2699646 0.2660501 0.2768177 0.2437150 0.1573555 0.2378691 0.2633906 0.2486352 0.2953422 0.3139475 0.3180098 0.1805783 0.2328500 0.2940668 0.2738485 0.4798942 0.3421358 0.2696490 0.2911162 0.5016999 0.4267503 0.4305097 0.4428227 0.2981042 0.2850873 0.2728756 0.3506829 0.2338567 0.3143396 0.2917714 0.1596734 0.4981750 0.5602816 0.2376757 0.4178825 0.3031987 0.2996578 0.2614206 0.2483233 0.4665423 0.3175548 0.2277604 0.2324892 0.3303867 0.3552929 0.2290413 0.3056102 0.3150073 0.3437310 1.8123336 0.2027832 0.2693090 0.2230514 0.4308533 0.2795927 0.4635477 0.2734722 0.1841138 0.2466164 0.3140851 0.2779281 0.2735323 
ASV1132.3                    0.2517910 0.4709174 0.2280820 0.3388451 0.2732963 0.5409299 0.3221922 0.2297115 0.4501886 0.2483550 0.5581068 0.2747560 0.0000000 0.3367769 0.3506602 0.3071494 0.3743997 0.2461406 0.2801988 0.4790938 0.2127325 0.2622260 0.7009849 0.2490957 0.3270924 0.3569537 0.5249662 0.2413192 0.6838505 0.3206606 0.2962534 0.2215712 0.2687468 0.4022946 0.3416262 0.3327501 0.1990090 0.2499580 0.3140243 0.2963403 0.2552981 0.3790217 0.4385998 0.2833990 0.3989283 0.5370787 0.3070124 0.2686304 0.4770306 0.2920544 0.2410437 0.3582745 0.6290113 0.2626216 0.3650039 0.3976531 0.2029336 0.0039516 0.2219145 0.2427031 0.4509974 0.2803149 0.4676613 0.3566939 0.6004052 0.7772852 0.2157505 0.4127777 0.4100291 0.4356560 0.3051014 0.2117982 0.5919314 0.0042195 0.0246462 0.3856772 0.3863453 0.3040136 0.4894093 0.0000010 0.3765294 0.2942931 2.6028248 0.3298101 0.2193565 0.3008971 0.5374377 0.2444762 0.2336922 0.2265496 0.3433414 0.2164978 0.4967180 0.3381020 0.2627262 
ASV1127.399                  0.5229656 0.3608856 0.4553278 0.3841408 0.4740890 0.5084636 0.2593198 0.4893818 0.4430101 0.4651827 0.6169358 0.2800541 0.3367769 0.0000000 0.4727538 0.3951380 0.3257627 0.5443714 0.3042764 0.5347724 0.2977543 0.4690317 0.7783317 0.3235869 0.4113709 0.3694522 0.4826427 0.4044396 0.7591517 0.4286809 0.3178564 0.3036630 0.2746345 0.4685326 0.4612400 0.0042998 0.4233254 0.3304711 0.2570937 0.6152710 0.3590715 0.6187973 0.4776335 0.3821860 0.5199744 0.5201130 0.5262965 0.5307245 0.3990821 0.3759351 0.5312928 0.4556138 0.6073635 0.3941846 0.4587579 0.5017607 0.3289112 0.3497950 0.4341598 0.4690317 0.4553706 0.3773948 0.4356655 0.4067715 0.6494108 0.8081580 0.3608788 0.4754331 0.5896098 0.5608342 0.5854302 0.4444699 0.6077172 0.3497950 0.3603872 0.3254777 0.2933319 0.3905484 0.3645385 0.3367769 0.4920481 0.3951380 4.9038407 0.4769639 0.4664247 0.2983859 0.7377672 0.4617264 0.3939223 0.2668318 0.2810439 0.3387847 0.6358870 0.4253544 0.4452470 
Exophiala_saxicola           0.3443924 0.1659003 0.3419365 0.2988518 0.6771057 0.7735867 0.1513634 0.2965976 0.3665188 0.3477256 0.6933920 0.2583820 0.3506602 0.4727538 0.0000000 0.4541592 0.1862545 0.3451787 0.4046204 0.7279069 0.5666133 0.6257594 0.8774339 0.2753743 0.2540567 0.3857879 0.1418086 0.7344738 0.8440842 0.3650624 0.2594761 0.2142194 0.5603603 0.1659505 0.0132851 0.4559475 0.2538686 0.2434512 0.3076713 0.3340307 0.2873139 0.3923546 0.1648992 0.4644939 0.1910981 0.3059830 0.2094376 0.2961619 0.6416376 0.4769083 0.3295361 0.2027045 0.7148205 0.6759288 0.6781189 0.5777551 0.5384195 0.3630465 0.3397661 0.5571039 0.3375198 0.4480816 0.3440022 0.2563087 0.7306109 0.9521123 0.3133136 0.5931064 0.0132438 0.1715913 0.3209031 0.2883070 0.7360144 0.4083605 0.2484901 0.4452515 0.7857840 0.4943166 0.2474256 0.3937281 0.2314805 0.4330646 1.8600584 0.2741959 0.3297484 0.2847576 0.5043320 0.3595772 0.7158181 0.4204411 0.1782094 0.2799521 0.1568012 0.0564533 0.3108253 
ASV2745.78                   0.5058230 0.4547000 0.4999458 0.3705869 0.4472056 0.5010038 0.3813605 0.4661400 0.8074903 0.4810751 0.5496007 0.3591624 0.3071494 0.3951380 0.4541592 0.0000000 0.4462386 0.4356375 0.3424206 0.6847821 0.1615060 0.4395740 0.7056473 0.3479867 0.5155758 0.6398323 0.5512610 0.4198073 0.6887328 0.4491020 0.3314206 0.2898842 0.3884796 0.5591848 0.4429867 0.3901442 0.4382205 0.4041305 0.3418202 0.7126696 0.3217369 0.6008289 0.6337043 0.3376734 0.4462066 0.6778215 0.6102506 0.5409591 0.5278848 0.0255778 0.4667738 0.5918284 0.6495444 0.4344037 0.5933270 0.4400019 0.3758597 0.3191996 0.4656352 0.4395740 0.7532413 0.3247753 0.6880248 0.6279220 0.5909102 0.6435824 0.4604881 0.3391385 0.5198988 0.7781875 0.5749966 0.3883765 0.5826792 0.3191996 0.3201422 0.3834298 0.1890367 0.0168746 0.4837831 0.3071494 0.6344164 0.0000010 6.6855352 0.3761328 0.4898753 0.3852787 0.8962735 0.4466153 0.4093846 0.3404281 0.3761929 0.3241955 0.6349090 0.3976576 0.4867202 
Exophiala_nigra              0.2784202 0.0254232 0.2577415 0.2071521 0.5367396 0.7463810 0.0685499 0.2957918 0.3070819 0.2656295 0.6859800 0.2133095 0.3743997 0.3257627 0.1862545 0.4462386 0.0000000 0.2557553 0.2868297 0.8865038 0.2924586 0.6172881 0.9607792 0.2386847 0.2337797 0.3002498 0.2318297 0.5086977 0.9735446 0.2619861 0.2120164 0.2049351 0.5503172 0.2947961 0.1897749 0.3126157 0.2230195 0.1920209 0.0461621 0.2517907 0.2439232 0.2373779 0.2656624 0.4691285 0.1889061 0.2280132 0.2939722 0.2559473 0.4349021 0.4233122 0.2427148 0.3052554 0.8553706 0.5493310 0.5030982 0.4585811 0.4146319 0.3886227 0.2585235 0.5447062 0.2305231 0.4510693 0.2863636 0.2423552 0.7255181 0.8535973 0.2484184 0.5039666 0.2015195 0.3226314 0.3036940 0.2408363 0.7312690 0.4434781 0.2243541 0.3890267 0.3546340 0.4404195 0.0682321 0.4263045 0.3119453 0.4237844 2.0820055 0.2202920 0.2574053 0.2097769 0.3929519 0.2629888 0.5227637 0.3551699 0.0618041 0.2395068 0.2719067 0.2160258 0.2586875 
Exophiala_equina             0.0624091 0.2478305 0.0784459 0.2425466 0.1588722 0.5358610 0.2439559 0.0602223 0.2959050 0.0814595 0.5563274 0.2711181 0.2461406 0.5443714 0.3451787 0.4356375 0.2557553 0.0000000 0.4225681 0.5245662 0.3524199 0.1378872 0.5727714 0.2610926 0.3280190 0.2825919 0.4297737 0.1442242 0.5880781 0.1913154 0.2442542 0.2511043 0.3200556 0.3839755 0.3502254 0.5360589 0.1962698 0.2164093 0.4633970 0.0781137 0.1925985 0.0382675 0.3303178 0.3610505 0.2562586 0.2923410 0.2876148 0.2110338 0.4274148 0.3907050 0.0146394 0.3049389 0.6490972 0.1600052 0.4371346 0.5908145 0.2403696 0.2558054 0.0785841 0.1284688 0.3113377 0.3564772 0.4061945 0.2654339 0.6021211 0.7049069 0.0888194 0.3983950 0.3282044 0.3611406 0.1530299 0.0108619 0.5929045 0.2841898 0.1242878 0.4562546 0.4815137 0.4068334 0.2994478 0.2730482 0.3814270 0.4139073 2.0811832 0.2341195 0.0740304 0.2516167 0.4291484 0.1038188 0.1511929 0.3614676 0.2372686 0.2397563 0.4217569 0.3458042 0.0662562 
ASV2526.1                    0.4006054 0.2931364 0.4537571 0.2567711 0.4984597 0.4851809 0.1768389 0.3370613 0.4368154 0.5108933 0.5131977 0.0295069 0.2801988 0.3042764 0.4046204 0.3424206 0.2868297 0.4225681 0.0000000 0.4585284 0.2358831 0.4631495 0.6122571 0.1872734 0.3569103 0.3550989 0.4284052 0.5308757 0.6122571 0.2971428 0.1536438 0.1809674 0.3004424 0.3763870 0.3949838 0.2920647 0.2506503 0.2316456 0.2206315 0.5091127 0.2777275 0.5417800 0.6731033 0.3065801 0.2841085 0.2973966 0.5106980 0.3195298 0.4571447 0.3262482 0.4597758 0.4891888 0.5693861 0.4674258 0.4324903 0.3770310 0.2932310 0.2905718 0.4352626 0.4196297 0.3169617 0.3031600 0.3517360 0.1876555 0.5394560 0.5914130 0.3776650 0.4742287 0.4604303 0.5689413 0.4623248 0.3896647 0.5058000 0.3235405 0.3119967 0.2342653 0.2737279 0.3388420 0.2752107 0.3115444 0.4440403 0.3280286 2.7174366 0.2696656 0.4228144 0.2107324 0.6165985 0.4743333 0.5182564 0.2781263 0.2144855 0.2461358 0.4950624 0.3791821 0.4729474 
ASV11521.2                   0.5067804 1.3540370 0.6595452 0.6124722 0.3728655 0.6726169 0.5394133 0.4591586 1.0132333 0.6071003 0.2390331 0.4104445 0.4790938 0.5347724 0.7279069 0.6847821 0.8865038 0.5245662 0.4585284 0.0000000 0.3897814 0.4268639 0.2086329 0.5409695 0.6044712 0.6552780 0.8322762 0.5232285 0.1861231 0.6091635 0.6551494 0.5677392 0.4321099 0.6207950 0.7100934 0.5271655 0.5734397 0.5603016 0.5896440 1.0563126 0.5104952 0.6733570 0.8071341 0.5672087 0.9188612 0.9348991 0.6191448 0.6896166 0.5702825 0.6505416 0.5330860 0.6149693 0.1244216 0.4159333 0.5235014 0.6222317 0.4974604 0.4968038 0.6491941 0.4268639 0.7033207 0.5593095 0.7736711 0.6184892 0.2315310 0.2249338 0.4598002 0.6162220 0.9101142 0.8969767 1.1198683 0.4374870 0.2287433 0.4968038 0.5514418 0.4925209 0.3754698 0.6747614 0.9297503 0.4790938 0.7700228 0.6847821 6.5353757 0.7810928 0.5632441 0.6448820 0.7440476 0.7285626 0.5104761 0.4672609 0.6446833 0.5126381 1.0138840 0.6355814 0.4900202 
ASV10982.3                   0.4806450 0.2372346 0.3960737 0.3041514 0.4246535 0.4669575 0.2795586 0.5197329 0.9534040 0.4248664 0.3771531 0.2666521 0.2127325 0.2977543 0.5666133 0.1615060 0.2924586 0.3524199 0.2358831 0.3897814 0.0000000 0.4087173 0.4090862 0.2655856 0.2688171 0.6297409 0.5914904 0.3755408 0.4419630 0.4989956 0.1959495 0.2217333 0.2505012 0.5123138 0.6504172 0.2977543 0.2334075 0.4587783 0.2248488 0.5547221 0.5266248 1.7193230 0.6771358 0.2267148 0.2867336 0.4107525 0.4796787 0.2861219 0.3471124 0.1312727 0.3833366 0.4951835 0.4784305 0.4326444 0.6894540 0.3845914 0.2932898 0.2263129 0.3747434 0.4087173 0.3867214 0.2267148 0.5274996 0.4222370 0.3991980 0.5190803 0.3993572 0.2893410 0.6098312 1.0169132 0.7431991 0.3970849 0.3702234 0.2263129 0.1867311 0.3005422 0.3898147 0.1416034 0.2991288 0.2127325 1.5647986 0.1615060 5.0504603 0.2875681 0.4041857 0.2755876 0.5825347 0.3862527 0.3755408 0.2855029 1.2442487 1.1952944 0.8039577 0.5604230 0.5025779 
ASV417.0                     0.0931121 0.8949048 0.1946609 0.4066297 0.0869705 0.4739168 0.5741047 0.1015650 0.6112374 0.2006774 0.4844708 0.3847038 0.2622260 0.4690317 0.6257594 0.4395740 0.6172881 0.1378872 0.4631495 0.4268639 0.4087173 0.0000000 0.5095603 0.3438149 0.6432892 0.5136198 0.8301216 0.1756741 0.4974833 0.2404085 0.4375566 0.3994373 0.2603247 0.5489818 0.6108038 0.4628644 0.3316815 0.3537023 0.5083846 0.2200918 0.2221911 0.2217126 0.6710303 0.4291788 0.7466396 0.5741149 0.4832545 0.3046247 0.4218301 0.3991000 0.1329419 0.5360170 0.4945699 0.0886778 0.3743379 0.5228138 0.1943440 0.2719272 0.2131596 0.0000010 0.7453910 0.4239872 0.6911404 0.4949333 0.5200009 0.6065354 0.1704865 0.4378463 0.7343649 0.6477626 0.4231941 0.1132507 0.5131666 0.2719272 0.2723282 0.4893528 0.4555859 0.4136718 0.7672028 0.2622260 0.6976240 0.4395740 3.9477042 0.4018911 0.1773644 0.4570595 0.5013845 0.1979997 0.1690967 0.3413767 0.5797019 0.3729273 1.0080204 0.5678835 0.0900554 
ASV10278.8                   0.6935532 1.4639963 0.7221024 0.8561864 0.5435203 0.7190667 0.7039991 0.6019038 1.2782111 0.6526513 0.0503125 0.5671983 0.7009849 0.7783317 0.8774339 0.7056473 0.9607792 0.5727714 0.6122571 0.2086329 0.4090862 0.5095603 0.0000000 0.6604594 0.7539955 0.8771941 1.0515408 0.5607046 0.0169381 0.9956142 0.7546015 0.6870515 0.5733238 0.7894754 0.8546923 0.7497870 0.8681660 0.5983429 0.6111479 1.0600546 0.6806493 0.6812531 0.9013339 0.5768544 1.0971928 1.1805316 0.6757641 0.9818655 0.6074609 0.6388681 0.5826879 0.6801696 0.1415070 0.5628508 0.5016865 0.6120450 0.6546119 0.7276487 0.7109213 0.5095603 1.0359815 0.5554973 1.3034763 0.8484918 0.0503125 0.1137498 0.5954740 0.6397458 1.0183629 0.9275463 1.5833914 0.4736417 0.0554114 0.7276487 0.6980601 0.4899456 0.4257286 0.6625387 0.9782379 0.7009849 0.7354352 0.7056473 8.3389573 0.6841356 0.6948567 0.7164286 0.6568693 0.7862687 0.5471662 0.5713298 0.6909147 0.6750797 1.2908913 0.7932283 0.6628377 
Exophiala_lignicola          0.3015683 0.2472986 0.2809984 0.2257104 0.3700452 0.4873073 0.1893646 0.2677700 0.3338665 0.2739350 0.6397982 0.2167592 0.2490957 0.3235869 0.2753743 0.3479867 0.2386847 0.2610926 0.1872734 0.5409695 0.2655856 0.3438149 0.6604594 0.0000000 0.2306474 0.3317377 0.3196610 0.3310542 0.6367167 0.2303256 0.2252448 0.1935108 0.2100684 0.3213879 0.2810337 0.3197812 0.1854496 0.1900102 0.2835642 0.2875554 0.2026492 0.2948171 0.3084021 0.2809566 0.2743502 0.2857240 0.3168815 0.1889723 0.4778615 0.3124289 0.2512784 0.3102697 0.6401497 0.3221692 0.4096856 0.4358447 0.2020266 0.2583790 0.2712263 0.3150346 0.2448243 0.2696921 0.3509459 0.2106012 0.6397982 0.6874382 0.2328106 0.4385782 0.3057724 0.3292220 0.2971333 0.2244196 0.5865373 0.2856255 0.2245666 0.3154647 0.3105124 0.3442077 0.2748842 0.2750153 0.2834765 0.3328410 1.5951966 0.2210569 0.2603703 0.2427768 0.4543235 0.2639307 0.3220258 0.2708520 0.2309581 0.1815276 0.3152677 0.2781043 0.2442491 
Exophiala_alcalophila        0.3541135 0.2293679 0.3028878 0.2656447 0.7129127 0.6887751 0.2100994 0.3726373 0.3681939 0.3051088 0.5926499 0.2516984 0.3270924 0.4113709 0.2540567 0.5155758 0.2337797 0.3280190 0.3569103 0.6044712 0.2688171 0.6432892 0.7539955 0.2306474 0.0000000 0.3407566 0.3247367 0.4688091 0.7238041 0.3277310 0.2468886 0.2120980 0.3594944 0.3268281 0.2718805 0.4057555 0.2604483 0.2281192 0.3057985 0.2862053 0.3020937 0.3182926 0.3042401 0.4555025 0.2177065 0.2669629 0.3014712 0.2956362 0.5467327 0.4753291 0.3336328 0.3027902 0.6772874 0.6409442 0.5275300 0.4556336 0.4259352 0.3395258 0.3004408 0.5662386 0.1445881 0.4491020 0.2677047 0.2509173 0.5782025 0.8376373 0.2983856 0.5704138 0.2520896 0.3218966 0.3005405 0.3226443 0.5835135 0.3836273 0.2560711 0.4406891 0.4611121 0.4823794 0.2304105 0.3688360 0.3533237 0.4876079 2.6107534 0.2598743 0.3169578 0.1863867 0.5047399 0.3074354 0.4561354 0.4438572 0.2193296 0.2821433 0.3476314 0.2837253 0.3462066 
Exophiala_crusticola         0.3116674 0.3027289 0.2995821 0.3177361 0.5247130 0.5919290 0.2708016 0.3102078 0.0058121 0.3107569 0.7214611 0.2717837 0.3569537 0.3694522 0.3857879 0.6398323 0.3002498 0.2825919 0.3550989 0.6552780 0.6297409 0.5136198 0.8771941 0.3317377 0.3407566 0.0000000 0.4248885 0.4754132 0.9022271 0.2741136 0.2707069 0.2821878 0.4231980 0.3678622 0.3745747 0.3645077 0.3029794 0.2119145 0.3906095 0.3052837 0.2754297 0.2971927 0.3535165 0.4082209 0.2952772 0.2876389 0.3693997 0.3130512 0.6280791 0.5748582 0.2902833 0.3809415 0.8379325 0.4955871 0.5591677 0.7319219 0.3778818 0.3705637 0.2972074 0.4579691 0.3768349 0.4026174 0.2958487 0.3144462 0.7821760 0.9556563 0.2729568 0.7127944 0.3959538 0.3964329 0.2959091 0.2875617 0.7095626 0.4215111 0.2649899 0.6178987 0.6656249 0.5980403 0.3211242 0.4051866 0.4372925 0.6020872 2.8677932 0.2852107 0.2703877 0.2733395 0.4089388 0.2859245 0.4628312 0.2243810 0.2755418 0.3245356 0.4186470 0.3802375 0.2924624 
Exophiala_nishimurae         0.4234244 0.2338380 0.4349622 0.3108757 0.8665430 0.7431037 0.2079080 0.4163744 0.4274475 0.4209336 0.7913797 0.3022312 0.5249662 0.4826427 0.1418086 0.5512610 0.2318297 0.4297737 0.4284052 0.8322762 0.5914904 0.8301216 1.0515408 0.3196610 0.3247367 0.4248885 0.0000000 1.0126627 1.0075710 0.4028625 0.3210654 0.2986121 0.6913579 0.1715781 0.1427733 0.4644168 0.3263418 0.3047478 0.3279094 0.3840108 0.3743196 0.3903114 0.1644394 0.6397169 0.2232226 0.3333797 0.1970487 0.3665597 0.8674072 0.5800807 0.4014141 0.1869987 0.8146216 0.8184446 0.6530773 0.6935192 0.6428631 0.5441830 0.4153383 0.7165737 0.3656600 0.6152991 0.3671953 0.2842702 0.8374117 0.9364875 0.3576682 0.7074204 0.1556277 0.1875483 0.4149135 0.3829262 0.7785720 0.6345410 0.3328329 0.7086059 0.7077977 0.6028609 0.2813649 0.6101732 0.2300580 0.5215565 2.5931795 0.3198961 0.4097073 0.2961869 0.5644169 0.4372839 0.9805478 0.5685742 0.2144878 0.3331620 0.0893352 0.1601816 0.3808029 
ASV9466.1                    0.1761879 0.6286459 0.0342853 0.5692641 0.1966643 0.5445223 0.4750883 0.2119276 0.5219827 0.0089943 0.5184045 0.4750973 0.2413192 0.4044396 0.7344738 0.4198073 0.5086977 0.1442242 0.5308757 0.5232285 0.3755408 0.1756741 0.5607046 0.3310542 0.4688091 0.4754132 1.0126627 0.0000000 0.5607046 0.3094375 0.4738103 0.4002561 0.3697212 0.5854666 0.7158181 0.3993624 0.4625736 0.3588509 0.4749925 0.0401675 0.2743339 0.2530817 0.5514459 0.3519031 0.7310998 0.8440465 0.5327381 0.4231272 0.4090154 0.3804663 0.1331114 0.5616742 0.5506050 0.1963199 0.5497103 0.5594732 0.2305164 0.2509241 0.0562550 0.1756741 0.5721060 0.3390822 0.7745006 0.5822089 0.5184045 0.6008399 0.0912748 0.4421357 0.9355999 0.7069213 0.5084928 0.1246389 0.5114456 0.2509241 0.2435146 0.4155701 0.5300082 0.3672058 0.6942051 0.2413192 0.6614939 0.4198073 3.9537081 0.5708738 0.1013079 0.5062632 0.5264239 0.0930428 0.0042922 0.3402531 0.5059960 0.3565366 1.0424176 0.7741118 0.2085630 
ASV115.5341                  0.6841519 1.4837327 0.7221024 0.7982410 0.5180703 0.7190667 0.6791328 0.6163917 1.3316714 0.6526513 0.0604550 0.5671983 0.6838505 0.7591517 0.8440842 0.6887328 0.9735446 0.5880781 0.6122571 0.1861231 0.4419630 0.4974833 0.0169381 0.6367167 0.7238041 0.9022271 1.0075710 0.5607046 0.0000000 0.9638405 0.8305983 0.6870515 0.5871838 0.8199352 0.8225306 0.7314138 0.8313030 0.5695434 0.6187361 1.0600546 0.6644083 0.7335300 0.9153651 0.6271059 1.0356667 1.1346788 0.6665373 0.9682649 0.6074609 0.6544427 0.5984535 0.6709383 0.1228984 0.5363081 0.5179767 0.6273344 0.6389950 0.7097080 0.7510459 0.4974833 1.0539925 0.6038317 1.3336807 0.8721363 0.0604550 0.1087412 0.6102297 0.6240604 0.9746359 0.9421493 1.4264598 0.4852650 0.0657392 0.7097080 0.7157703 0.4841536 0.4106543 0.6786976 0.9911025 0.6838505 0.7264889 0.6887328 8.0716454 0.7128959 0.7139038 0.7164286 0.6568693 0.8329155 0.5471662 0.5926295 0.7162919 0.6918560 1.2753661 0.7638029 0.6287333 
Exophiala_lecanii-corni      0.1800835 0.2695380 0.2119883 0.2748530 0.2558864 0.6255549 0.2500600 0.2097201 0.2963274 0.2131704 0.6971228 0.2743701 0.3206606 0.4286809 0.3650624 0.4491020 0.2619861 0.1913154 0.2971428 0.6091635 0.4989956 0.2404085 0.9956142 0.2303256 0.3277310 0.2741136 0.4028625 0.3094375 0.9638405 0.0000000 0.2793104 0.2952819 0.2393356 0.4111621 0.3746156 0.4227500 0.1269046 0.2337358 0.3180904 0.2119509 0.0328270 0.1921948 0.3453945 0.4324543 0.2513863 0.2255192 0.3417120 0.1221669 0.6866888 0.4261481 0.1951760 0.3483833 0.7350941 0.2303124 0.4221709 0.5160476 0.1643909 0.3324319 0.2136985 0.2210471 0.3279474 0.4051409 0.3409576 0.2732725 0.7382283 0.9219905 0.2131660 0.4453479 0.3593940 0.3733263 0.2030802 0.1965884 0.6856291 0.3734202 0.2304518 0.4211826 0.3702574 0.4432577 0.2974689 0.3595370 0.3731911 0.4265682 2.2726991 0.3017786 0.1930727 0.2560290 0.3815366 0.1993607 0.3004215 0.2989396 0.2681734 0.2720908 0.3886064 0.3557855 0.1818374 
Exophiala_moniliae           0.2449601 0.1932441 0.2626518 0.2227027 0.5120597 0.8495259 0.1686648 0.2492148 0.3039380 0.2640335 0.5882338 0.1214380 0.2962534 0.3178564 0.2594761 0.3314206 0.2120164 0.2442542 0.1536438 0.6551494 0.1959495 0.4375566 0.7546015 0.2252448 0.2468886 0.2707069 0.3210654 0.4738103 0.8305983 0.2793104 0.0000000 0.0700505 0.3458593 0.3214479 0.2746225 0.3137676 0.2474604 0.1910554 0.2502479 0.2422180 0.2878139 0.2430721 0.3047811 0.2551806 0.1743868 0.2226584 0.3063622 0.2813911 0.5617014 0.2962963 0.2569922 0.3017762 0.7654877 0.4655968 0.4140006 0.5503858 0.2932689 0.3072602 0.2530915 0.3945508 0.2579290 0.2441543 0.2497515 0.2200161 0.6217924 0.8684984 0.2380750 0.6675886 0.2544589 0.3045612 0.2212304 0.2536142 0.5943258 0.3437015 0.2334673 0.4171714 0.2647892 0.3088326 0.2081938 0.3308234 0.3507130 0.3168754 2.4774805 0.2103108 0.2393431 0.1979122 0.4373273 0.2599124 0.4616050 0.2068887 0.1776094 0.2446265 0.3066499 0.2740345 0.2636824 
Exophiala_quercina           0.2536741 0.1849025 0.2631770 0.2225549 0.4504070 0.5752365 0.1661988 0.2186291 0.2722249 0.2755524 0.5591150 0.1251384 0.2215712 0.3036630 0.2142194 0.2898842 0.2049351 0.2511043 0.1809674 0.5677392 0.2217333 0.3994373 0.6870515 0.1935108 0.2120980 0.2821878 0.2986121 0.4002561 0.6870515 0.2952819 0.0700505 0.0000000 0.3024575 0.2751807 0.2290667 0.3001444 0.2393672 0.1551419 0.2474130 0.2594401 0.2405726 0.2848476 0.2778277 0.2393366 0.1725130 0.2388253 0.3305969 0.2553260 0.4690838 0.2761205 0.2520907 0.3208269 0.6555496 0.4109735 0.4214424 0.3870500 0.3044702 0.2301446 0.2546811 0.3642101 0.2638194 0.2369105 0.2661803 0.2080202 0.6015143 0.7446970 0.2226246 0.4570642 0.2559643 0.2962677 0.2479958 0.2229255 0.5645363 0.2534121 0.2110562 0.2902004 0.3070872 0.2871256 0.2241707 0.2436872 0.3049372 0.2784352 1.6176034 0.2016098 0.2392028 0.2132164 0.4184991 0.2681645 0.3903966 0.2381775 0.1771740 0.2320965 0.3049704 0.2439406 0.2486291 
ASV6566.15                   0.3451384 0.6570056 0.3951957 0.3234497 0.2786198 0.3705190 0.4345398 0.2820713 0.5287935 0.4209312 0.4701781 0.3368386 0.2687468 0.2746345 0.5603603 0.3884796 0.5503172 0.3200556 0.3004424 0.4321099 0.2505012 0.2603247 0.5733238 0.2100684 0.3594944 0.4231980 0.6913579 0.3697212 0.5871838 0.2393356 0.3458593 0.3024575 0.0000000 0.5290648 0.5468699 0.2715852 0.2945395 0.2035177 0.4055303 0.5000799 0.2241725 0.3631476 0.5242447 0.3551751 0.3529325 0.3236568 0.4561221 0.2893220 0.4533875 0.3607152 0.3143419 0.4679510 0.5646716 0.2501006 0.2791603 0.4604317 0.1619413 0.2790461 0.3661792 0.2603247 0.3733906 0.3508993 0.5853556 0.3776497 0.4701781 0.6467515 0.3247592 0.4230263 0.6483480 0.5948086 0.3523064 0.2690363 0.4530296 0.2790461 0.2937910 0.3385508 0.2832069 0.3743349 0.5941924 0.2687468 0.5274930 0.3884796 4.5921593 0.3607283 0.3787263 0.3788576 0.6205020 0.3453833 0.3604005 0.2379369 0.4316533 0.2992370 0.7852909 0.4608013 0.2862921 
Exophiala_polymorpha         0.3813115 0.2926983 0.3989241 0.3101848 0.5520823 0.6669639 0.2330617 0.3434398 0.3570730 0.3922520 0.6601368 0.2699646 0.4022946 0.4685326 0.1659505 0.5591848 0.2947961 0.3839755 0.3763870 0.6207950 0.5123138 0.5489818 0.7894754 0.3213879 0.3268281 0.3678622 0.1715781 0.5854666 0.8199352 0.4111621 0.3214479 0.2751807 0.5290648 0.0000000 0.1619975 0.4623453 0.3317862 0.2825930 0.4010628 0.3653060 0.3274959 0.4116814 0.1558255 0.3836797 0.2274690 0.4230686 0.1900217 0.3698372 0.8115825 0.5590551 0.3629115 0.1769180 0.7327323 0.4944108 0.7889028 0.7347662 0.6069072 0.4161684 0.3694390 0.4933014 0.3731009 0.3790307 0.3826232 0.2432532 0.6948384 0.9445355 0.3448232 0.5443399 0.1874588 0.1791304 0.3959811 0.3306659 0.6502894 0.4711984 0.2911973 0.5308231 0.7571291 0.5793704 0.3721917 0.4545959 0.2177926 0.5309749 2.2415473 0.3162783 0.3785923 0.3132322 0.5684695 0.3894847 0.5714728 0.3660702 0.3027102 0.3157155 0.1895067 0.1768802 0.3325017 
Exophiala_lamphunensis       0.3452629 0.1694516 0.3487393 0.2968292 0.6608176 0.7541177 0.1574010 0.2982078 0.3544615 0.3468524 0.6765323 0.2660501 0.3416262 0.4612400 0.0132851 0.4429867 0.1897749 0.3502254 0.3949838 0.7100934 0.6504172 0.6108038 0.8546923 0.2810337 0.2718805 0.3745747 0.1427733 0.7158181 0.8225306 0.3746156 0.2746225 0.2290667 0.5468699 0.1619975 0.0000000 0.4447440 0.2596384 0.2364346 0.2994040 0.3367377 0.2857649 0.4292669 0.1662836 0.4532191 0.2062105 0.3032276 0.2057015 0.2991305 0.6255831 0.4653988 0.3285756 0.1989333 0.6975086 0.6596245 0.7635315 0.5777551 0.5253830 0.3538179 0.3388106 0.5445466 0.3423130 0.4371066 0.3502978 0.2555353 0.7126480 0.9269469 0.3129794 0.5787163 0.0212162 0.1676975 0.3148610 0.2951091 0.7179253 0.3977380 0.2475826 0.4342865 0.8836186 0.4824675 0.2589643 0.3833673 0.2543566 0.4225296 1.9331466 0.2659425 0.3345574 0.2885306 0.5101406 0.3623825 0.6978360 0.4099252 0.2232309 0.3136778 0.1552564 0.0565145 0.3103163 
ASV585.1031                  0.5150175 0.3428572 0.4486848 0.3786878 0.4679170 0.4905036 0.2489594 0.4828764 0.4355263 0.4588010 0.5945442 0.2768177 0.3327501 0.0042998 0.4559475 0.3901442 0.3126157 0.5360589 0.2920647 0.5271655 0.2977543 0.4628644 0.7497870 0.3197812 0.4057555 0.3645077 0.4644168 0.3993624 0.7314138 0.4227500 0.3137676 0.3001444 0.2715852 0.4623453 0.4447440 0.0000000 0.4173019 0.3264149 0.2471120 0.6020891 0.3548719 0.6099213 0.4707217 0.3773948 0.5092534 0.4953633 0.5183754 0.5227100 0.3833112 0.3712984 0.5230809 0.4490468 0.5985660 0.3892053 0.4587579 0.4837741 0.3252221 0.3455534 0.4278325 0.4628644 0.4489071 0.3727151 0.4298296 0.4011227 0.6257653 0.7788690 0.3564693 0.4691092 0.5666212 0.5524016 0.5732646 0.4386770 0.5856833 0.3455534 0.3559875 0.3127334 0.2933319 0.3856694 0.3495389 0.3327501 0.4738303 0.3901442 4.8914997 0.4695022 0.4595129 0.2857689 0.7250221 0.4549130 0.3889994 0.2639638 0.2700825 0.3347167 0.6261860 0.4199481 0.4388433 
Exophiala_castellanii        0.2270526 0.2284103 0.2496751 0.2763290 0.3292327 0.5888157 0.1827402 0.1982145 0.3199796 0.2484526 0.6680481 0.2437150 0.1990090 0.4233254 0.2538686 0.4382205 0.2230195 0.1962698 0.2506503 0.5734397 0.2334075 0.3316815 0.8681660 0.1854496 0.2604483 0.3029794 0.3263418 0.4625736 0.8313030 0.1269046 0.2474604 0.2393672 0.2945395 0.3317862 0.2596384 0.4173019 0.0000000 0.2076451 0.3104594 0.2374516 0.1228700 0.1685532 0.2779276 0.4382088 0.2293448 0.2597795 0.2775429 0.0485643 0.5812265 0.4153421 0.1892639 0.2778370 0.7252749 0.3354415 0.2801829 0.5446532 0.1692622 0.2079209 0.2440615 0.3018388 0.3123112 0.4382088 0.3596583 0.1768316 0.6680481 0.7613312 0.1972617 0.5364638 0.2726560 0.3148651 0.2068884 0.1835014 0.6568110 0.2307384 0.1589377 0.4538084 0.3184213 0.4324579 0.2856713 0.2205414 0.2663678 0.4159609 1.8380889 0.2676823 0.2281799 0.2310645 0.3882058 0.2423319 0.4503739 0.3326512 0.2304257 0.2100715 0.3352116 0.2331932 0.1673638 
Exophiala_siamensis          0.2243421 0.1703266 0.2125875 0.2201682 0.3581149 0.4982521 0.1819047 0.1963577 0.2100400 0.2220873 0.5122398 0.1573555 0.2499580 0.3304711 0.2434512 0.4041305 0.1920209 0.2164093 0.2316456 0.5603016 0.4587783 0.3537023 0.5983429 0.1900102 0.2281192 0.2119145 0.3047478 0.3588509 0.5695434 0.2337358 0.1910554 0.1551419 0.2035177 0.2825930 0.2364346 0.3264149 0.2076451 0.0000000 0.2618900 0.2192155 0.2010024 0.2645931 0.2633273 0.4136997 0.1914817 0.2137498 0.2892773 0.2128981 0.3961306 0.3849967 0.2002073 0.3058667 0.5935949 0.3477260 0.5805306 0.4199443 0.2362860 0.2595333 0.2119037 0.3233757 0.1860378 0.3987128 0.3131854 0.1818538 0.5122398 0.5334462 0.1969155 0.3981329 0.2984210 0.2892282 0.1775521 0.1807382 0.5052365 0.2877996 0.1698919 0.2654459 0.6828728 0.3995050 0.2524030 0.2768166 0.3248843 0.3860155 1.7339552 0.1821506 0.1952354 0.2106646 0.3369376 0.2175330 0.3493427 0.2859594 0.2068853 0.2830299 0.2843605 0.2535253 0.1893200 
ASV3151.2                    0.5473207 0.0398166 0.5150992 0.2740746 0.4475980 0.5135122 0.0674245 0.5247006 0.5203860 0.4892028 0.4546064 0.2378691 0.3140243 0.2570937 0.3076713 0.3418202 0.0461621 0.4633970 0.2206315 0.5896440 0.2248488 0.5083846 0.6111479 0.2835642 0.3057985 0.3906095 0.3279094 0.4749925 0.6187361 0.3180904 0.2502479 0.2474130 0.4055303 0.4010628 0.2994040 0.2471120 0.3104594 0.2618900 0.0000000 0.6579701 0.2645214 0.5587906 0.4930181 0.3202255 0.3024008 0.2768491 0.3993501 0.3812763 0.3607357 0.3257116 0.4464060 0.4223397 0.5887310 0.4624618 0.4046726 0.3572092 0.3266527 0.3253540 0.5069254 0.4594774 0.3469310 0.3165770 0.3678249 0.2917594 0.4776011 0.6222360 0.4224304 0.3889998 0.3529654 0.5055685 0.6809385 0.3758220 0.4824315 0.3566015 0.3262540 0.3071968 0.2384709 0.3382600 0.0432468 0.3437695 0.4552178 0.3274946 3.2704499 0.2832983 0.5374471 0.2386156 0.4959024 0.4880663 0.4634935 0.2750590 0.0386866 0.2798481 0.4921280 0.3112998 0.4756606 
Exophiala_clavispora         0.1002922 0.2560609 0.0128084 0.2465022 0.2454335 0.9049171 0.2693095 0.1116434 0.3121540 0.0269063 0.9395359 0.2633906 0.2963403 0.6152710 0.3340307 0.7126696 0.2517907 0.0781137 0.5091127 1.0563126 0.5547221 0.2200918 1.0600546 0.2875554 0.2862053 0.3052837 0.3840108 0.0401675 1.0600546 0.2119509 0.2422180 0.2594401 0.5000799 0.3653060 0.3367377 0.6020891 0.2374516 0.2192155 0.6579701 0.0000000 0.2149628 0.0834941 0.2971458 0.4879402 0.2587389 0.3237768 0.2794279 0.2346973 0.5322649 0.6383814 0.0707335 0.2897961 1.1473823 0.2125150 1.1457443 1.0339213 0.2919836 0.3110657 0.0197308 0.1973138 0.2914853 0.4628873 0.4009154 0.2975068 0.9395359 1.2178318 0.0520063 0.7220613 0.3430181 0.3390568 0.1721006 0.0784125 0.9187773 0.3624711 0.1182745 0.5842123 1.1976566 0.5855523 0.2740983 0.3442140 0.4283593 0.6539906 1.7010595 0.2508343 0.0565742 0.2484737 0.4165957 0.0505887 0.0331962 0.6055067 0.2771744 0.2463459 0.4076951 0.3721088 0.0846600 
