95
ASV115.5341                  0.0000000 0.3654994 0.0445233 0.4695312 0.0869785 0.4686206 0.4866238 0.4686206 0.0494822 0.5645769 0.0727262 0.4340069 0.4799261 0.0445233 0.5405037 0.5313586 0.3408548 0.3705426 0.3806615 0.4244282 0.4158158 0.5131051 0.4855944 0.4855944 0.4337867 0.5405037 0.4324366 0.4351226 0.4254896 0.4358065 0.3247570 0.4264604 0.0169665 0.4075354 0.3782227 0.3957495 0.4914304 0.3654994 0.1489428 1.5237932 0.5911629 0.6233501 0.3905196 0.5049420 0.4832194 0.4920927 0.4697589 0.4666637 0.7496639 0.6295096 0.6775714 0.4501736 0.4456186 0.4996128 0.4387267 0.4200921 0.4336023 0.4343947 0.5984902 0.3555488 0.4662169 0.8708004 0.3515180 0.5987135 0.5747521 0.5695630 0.4987154 0.7116381 0.5325897 0.5686191 0.3988276 0.4772454 0.4359941 0.4189347 0.5019006 0.5708443 0.5413543 0.5927619 0.5242526 0.6670180 0.4653908 0.4694172 0.6124231 0.3989497 0.7379779 0.4279691 0.4734844 0.4631950 0.5211816 0.5871316 0.5049063 0.6201804 0.4561956 0.4811354 0.4398170 
ASV417.0                     0.3654994 0.0000000 0.3543223 0.5031453 0.4331235 0.2756708 0.4861960 0.2756708 0.3645040 0.5509450 0.4212629 0.4165276 0.4341485 0.3418653 0.6362982 0.5704626 0.4922834 0.3438360 0.3477977 0.1813061 0.3755588 0.5974485 0.2857315 0.2857315 0.2981350 0.6362982 0.2161026 0.2734820 0.3751959 0.1880800 0.4765677 0.4145436 0.3704647 0.1012247 0.0826786 0.5173995 0.4669877 0.0000010 0.3830925 1.8184864 0.9113325 0.4378708 0.3326573 0.6144290 0.6112331 0.5990882 0.2832823 0.5945368 0.7030719 0.3670637 0.2412833 0.0858322 0.2400387 0.2093625 0.3301227 0.6196094 0.3769732 0.3759699 0.4511379 0.1030738 0.3637729 0.9194399 0.4947647 0.3343528 0.3429851 0.1860781 0.1093331 0.4682717 0.2359022 0.5948778 0.1265355 0.0760228 0.4740672 0.4618588 0.7460180 0.3771925 0.5220285 0.7161597 0.4489413 0.6155248 0.5628439 0.5575615 0.6461930 0.3116742 0.6604629 0.1213837 0.5999983 0.5837914 0.2308856 0.2718975 0.2150868 0.6965252 0.4225680 0.1611494 0.1619807 
ASV521.1611                  0.0445233 0.3543223 0.0000000 0.4736746 0.1006486 0.3957436 0.4909681 0.3957436 0.0128307 0.5995371 0.0836388 0.3865546 0.4530276 0.0084700 0.5100584 0.4765952 0.3055318 0.3440190 0.3537076 0.3836904 0.4135447 0.4598383 0.4106523 0.4106523 0.3579048 0.5100584 0.3649985 0.3928721 0.4386165 0.3943152 0.3292102 0.4075490 0.0350305 0.3845940 0.3377961 0.4041565 0.4437672 0.3543223 0.1542415 1.6003427 0.5348063 0.5218753 0.3255330 0.5095538 0.4875361 0.4965429 0.3744044 0.4707224 0.7564306 0.6122491 0.5839956 0.4090003 0.4108804 0.4482295 0.4020905 0.3911134 0.4718353 0.4089570 0.6199600 0.3173353 0.3894814 0.9104175 0.3157015 0.5373615 0.5046615 0.5373409 0.4681953 0.6435997 0.4182405 0.4987804 0.3738876 0.4685452 0.4332421 0.3627438 0.4623804 0.5139213 0.4625644 0.5992250 0.5296853 0.6712347 0.4174093 0.4723050 0.5991534 0.3531800 0.6041639 0.3782026 0.4241280 0.4432691 0.4673170 0.5683116 0.4558713 0.6268908 0.4395397 0.4191370 0.3925950 
ASV585.1031                  0.4695312 0.5031453 0.4736746 0.0000000 0.5167162 0.3763899 0.0043240 0.3763899 0.4432159 0.6270392 0.5613723 0.5043980 0.2475780 0.4513196 0.4513500 0.4443549 0.2413007 0.3675283 0.3822034 0.4247815 0.4143177 0.4148492 0.3903197 0.3903197 0.3075273 0.4513500 0.3323196 0.3579573 0.3561222 0.4137856 0.2328064 0.4222984 0.5013825 0.3530778 0.4130808 0.3013949 0.2719972 0.5031453 0.5246491 2.0141808 0.3111279 0.4212340 0.3075419 0.4198658 0.3665910 0.4091279 0.3979971 0.4603907 0.4922898 0.6383298 0.6873503 0.4876103 0.3409982 0.4875673 0.2432011 0.2448356 0.3301581 0.2468854 0.4717348 0.4264442 0.3242171 0.4903771 0.2485117 0.5046855 0.4217333 0.5722180 0.3937403 0.3514583 0.5551314 0.3719146 0.5305991 0.5137960 0.2577699 0.3306312 0.3833342 0.3014593 0.3838350 0.4682786 0.3862354 0.5247200 0.4852436 0.4632242 0.3746230 0.3018047 0.4690984 0.5386133 0.3064568 0.4217072 0.4698069 0.4272828 0.4777257 0.4667321 0.5916378 0.4942907 0.4078118 
ASV650.3                     0.0869785 0.4331235 0.1006486 0.5167162 0.0000000 0.5276365 0.4996264 0.5276365 0.1124588 0.5944376 0.1292385 0.5857158 0.5244759 0.1060728 0.6070191 0.5582351 0.4259962 0.4242617 0.4504299 0.4301854 0.4686245 0.5967655 0.5460254 0.5460254 0.4904672 0.6070191 0.4943399 0.5502904 0.4820128 0.4416247 0.3903718 0.4206298 0.0984658 0.4490635 0.3927249 0.3912163 0.4663642 0.4331235 0.0866470 1.9912713 0.7633416 0.7793637 0.4835841 0.5455323 0.5623841 0.5320655 0.5274994 0.5217158 0.9859026 0.9830717 0.7013477 0.4723970 0.4859458 0.4962581 0.5546460 0.4619283 0.5624826 0.4767442 0.7467897 0.4290507 0.5641715 1.0338260 0.4195992 0.6006147 0.5634883 0.6505766 0.5596746 0.6803837 0.5292321 0.6966134 0.5031990 0.5027138 0.5282223 0.5630824 0.6070543 0.6968210 0.6629307 0.6435327 0.5973844 0.9882628 0.6404710 0.6351965 0.7819715 0.4779079 0.8186296 0.5247649 0.5262107 0.5228926 0.5224542 0.5858998 0.5111363 0.7178344 0.5836247 0.4995798 0.4357174 
ASV671.36                    0.4686206 0.2756708 0.3957436 0.3763899 0.5276365 0.0000000 0.3811852 0.0000010 0.4074259 0.6245732 0.4830102 0.4982350 0.4016594 0.4111166 0.5528234 0.5322197 0.3356064 0.2526084 0.2553577 0.2433514 0.4818181 0.5079243 0.0042228 0.0042228 0.3516773 0.5528234 0.2431978 0.2665157 0.3853373 0.2509695 0.3728598 0.3410981 0.4618140 0.2609047 0.2640350 0.3733619 0.2885248 0.2756708 0.4796004 2.1744077 0.6087421 0.4600216 0.2694833 0.4788644 0.4917195 0.4667550 0.0218360 0.5210880 0.5862434 0.4092893 0.3753465 0.2949227 0.2938736 0.2747246 0.2927907 0.4237524 0.3489270 0.3962650 0.5165344 0.2329563 0.3437466 0.6887856 0.3374970 0.3996096 0.2815808 0.4165944 0.3040748 0.4466356 0.3115748 0.3937434 0.2749326 0.2969289 0.3968665 0.2718399 0.5826856 0.3417573 0.4571107 0.5421651 0.4475471 0.6542490 0.5716639 0.6012962 0.6085147 0.3129063 0.6876724 0.2774978 0.4347359 0.4095264 0.2525050 0.3861135 0.2858588 0.6544015 0.5393876 0.2406699 0.2562058 
ASV1127.399                  0.4866238 0.4861960 0.4909681 0.0043240 0.4996264 0.3811852 0.0000000 0.3811852 0.4594513 0.6488654 0.5809543 0.5043980 0.2503698 0.4678902 0.4672325 0.4296222 0.2511564 0.3812675 0.3963690 0.4101199 0.4296205 0.4296222 0.3953253 0.3953253 0.3075273 0.4672325 0.3323196 0.3579573 0.3561222 0.3993997 0.2328064 0.4222984 0.5194395 0.3402957 0.3988857 0.3135922 0.2719972 0.4861960 0.5070627 2.0141808 0.3281530 0.4212340 0.3114446 0.4198658 0.3802549 0.4091279 0.4129304 0.4664322 0.5188124 0.6509657 0.6522192 0.4712895 0.3449562 0.4693474 0.2458901 0.2548937 0.3429600 0.2497437 0.4717348 0.4420959 0.3242171 0.4971620 0.2584853 0.5121068 0.4277967 0.5532173 0.3785880 0.3514583 0.5342645 0.3876074 0.5513870 0.4948135 0.2577699 0.3306312 0.3987667 0.3052634 0.3838350 0.4682786 0.3862354 0.5323515 0.4922605 0.4698173 0.3796799 0.3143595 0.4775199 0.5599957 0.3193161 0.4271963 0.4519462 0.4330951 0.4607727 0.4733599 0.6008635 0.4755412 0.3933360 
ASV1132.3                    0.4686206 0.2756708 0.3957436 0.3763899 0.5276365 0.0000010 0.3811852 0.0000000 0.4074259 0.6245732 0.4830102 0.4982350 0.3568715 0.4111166 0.5528234 0.5322197 0.3057700 0.2526084 0.2553577 0.2433514 0.4818181 0.5079243 0.0042228 0.0039527 0.3516773 0.5243318 0.2431978 0.2665157 0.3853373 0.2509695 0.3728598 0.3410981 0.4618140 0.2609047 0.2640350 0.3733619 0.2885248 0.2543132 0.4796004 1.7380628 0.5034054 0.3913488 0.2434826 0.4213578 0.4324078 0.4110934 0.0203965 0.4575329 0.4808860 0.3468901 0.3220260 0.2673456 0.2664722 0.2469156 0.2639170 0.3757764 0.3114828 0.3518811 0.4473679 0.2126873 0.3039322 0.5877605 0.3016362 0.3528375 0.2511801 0.3728768 0.2741042 0.3911069 0.2780244 0.3465203 0.2477457 0.2662289 0.3479456 0.2423848 0.4997996 0.3045503 0.4014063 0.4672322 0.3914317 0.5589523 0.4914635 0.5158575 0.5214222 0.2802611 0.5667360 0.2498493 0.3800165 0.3637773 0.2268904 0.3441291 0.2580614 0.5572156 0.4653707 0.2172773 0.2325608 
ASV1206.342                  0.0494822 0.3645040 0.0128307 0.4432159 0.1124588 0.4074259 0.4594513 0.4074259 0.0000000 0.6072507 0.0895858 0.4184492 0.4658434 0.0128307 0.5236913 0.4894758 0.3116682 0.3499640 0.3596457 0.3999438 0.4198955 0.4724158 0.4226049 0.4226049 0.3866474 0.5236913 0.3664159 0.3990410 0.4450109 0.4108973 0.3373231 0.4136135 0.0398090 0.3953582 0.3477698 0.4156934 0.4275188 0.3645040 0.1685576 1.6078037 0.5448087 0.5406442 0.3362265 0.5163749 0.4941775 0.5032753 0.3858425 0.4771757 0.7471365 0.6242156 0.6213628 0.4150288 0.4221599 0.4688744 0.4137099 0.3972748 0.4676594 0.4211533 0.6138676 0.3268545 0.4018612 0.9267237 0.3218124 0.5320621 0.5406804 0.5517038 0.4819031 0.6524259 0.4379378 0.5061902 0.3856451 0.4755660 0.4403928 0.3697246 0.4698488 0.5214000 0.4695991 0.6077803 0.5374684 0.6649534 0.4133928 0.4677344 0.5934041 0.3769968 0.6147096 0.3901594 0.4312019 0.4497401 0.4890161 0.5850683 0.4756106 0.6355887 0.4538267 0.4322511 0.4092047 
ASV1780.3                    0.5645769 0.5509450 0.5995371 0.6270392 0.5944376 0.6245732 0.6488654 0.6245732 0.6072507 0.0000000 0.6036447 0.4874110 0.5781647 0.6126373 0.5657660 0.5563455 0.4731205 0.4217226 0.4370994 0.5987677 0.7412665 0.5378595 0.6468340 0.6468340 0.4536414 0.5657660 0.4802448 0.6860120 0.4479140 0.6148848 0.3570775 0.2932032 0.5565457 0.5183005 0.5461255 0.4557138 0.4106883 0.5509450 0.5476634 2.2815533 0.8250554 0.9953250 0.5386970 0.7813361 0.8001600 0.7602658 0.6116061 0.8193002 0.8753835 1.2283333 1.0831137 0.6244701 0.6197623 0.6824436 0.5867798 0.5566869 0.5956199 0.5684503 0.6410223 0.5150398 0.6839245 1.3093368 0.4534248 0.7487371 0.6836658 0.7924902 0.6410195 0.4626109 0.7574445 0.7663676 0.6549623 0.7345064 0.6875201 0.6915980 0.7273613 0.8225988 0.6202832 0.9424705 0.4668431 1.7114310 1.4548575 1.3883836 1.4691573 0.4825430 0.6007720 0.6294385 0.6783514 0.7678262 0.7323057 0.7666645 0.7266500 1.0018290 0.7545257 0.7529912 0.6143093 
ASV2311.103                  0.0727262 0.4212629 0.0836388 0.5613723 0.1292385 0.4830102 0.5809543 0.4830102 0.0895858 0.6036447 0.0000000 0.5791040 0.5374671 0.0836388 0.5801333 0.5703312 0.4041662 0.4508284 0.4788810 0.4048929 0.4649668 0.5512182 0.5001168 0.5001168 0.4333449 0.5801333 0.4781891 0.4803458 0.5983437 0.4159283 0.4191650 0.4191935 0.0774128 0.4396684 0.4300044 0.4049036 0.6037758 0.4212629 0.1938764 2.2125667 0.6466510 0.7188522 0.3678160 0.6708533 0.6506410 0.6537458 0.4842730 0.5511401 0.8832936 0.7234338 0.6818976 0.4662592 0.5857090 0.5056826 0.4811030 0.5468224 0.5116056 0.4998608 0.6904773 0.3888261 0.5257256 1.0505219 0.4195441 0.5977604 0.6057056 0.6188503 0.4985699 0.8479453 0.5735927 0.5609255 0.4227662 0.5199091 0.5041874 0.5011927 0.6028363 0.5834588 0.5888157 0.7807414 0.6673484 0.9656732 0.6595631 0.7334922 0.8298599 0.4333421 0.7860859 0.4534224 0.5218202 0.5786730 0.5327735 0.6961694 0.4813171 0.7169000 0.5813430 0.5090551 0.4273796 
ASV2382.96                   0.4340069 0.4165276 0.3865546 0.5043980 0.5857158 0.4982350 0.5043980 0.4982350 0.4184492 0.4874110 0.5791040 0.0000000 0.4734446 0.4041994 0.4500572 0.3959281 0.4256949 0.4076780 0.4401684 0.5727991 0.4172297 0.4140849 0.5198363 0.5198363 0.2807014 0.4500572 0.2522714 0.3192666 0.3915726 0.5916976 0.7038731 0.4041236 0.4416269 0.3850480 0.3889871 0.4074942 0.6863436 0.4165276 0.5350751 2.8224431 0.8433947 0.6864364 0.4363508 0.6185717 0.6043875 0.6567707 0.4625381 0.6907689 0.6410466 0.6080475 1.3670321 0.5434085 0.4822418 0.6872459 0.4241178 0.4840772 0.5250264 0.4676263 0.5791383 0.4787270 0.5126054 0.8993388 0.7252941 0.2863664 0.2875722 0.8652513 0.4968722 0.5775678 0.6747083 0.4817204 0.5170710 0.5554397 0.4129571 0.4237184 0.6512658 0.5079939 0.5795100 0.6791570 0.4579367 1.1398102 0.7466653 0.7610565 0.7167163 0.5954537 0.3833323 0.5462937 0.5639446 0.7054986 0.7678366 0.4193835 0.7276645 0.7008565 0.4096674 0.7822772 0.4688837 
ASV2526.1                    0.4799261 0.4341485 0.4530276 0.2475780 0.5244759 0.4016594 0.2503698 0.3568715 0.4658434 0.5781647 0.5374671 0.4734446 0.0000000 0.4368798 0.4330923 0.4060741 0.2285328 0.3102860 0.3139691 0.4601818 0.4074875 0.4010617 0.4159844 0.3690712 0.3300151 0.4129029 0.2699665 0.3127708 0.3149053 0.4718789 0.2473407 0.3825265 0.4998983 0.4349121 0.4662751 0.2638086 0.2431787 0.3933072 0.4710010 1.3515406 0.3250140 0.3259657 0.2323934 0.4635533 0.4515107 0.4529427 0.3626398 0.3729447 0.2887999 0.4152728 0.5455906 0.3546818 0.2628782 0.4691911 0.1322485 0.2223117 0.1816085 0.0250213 0.2006184 0.3587539 0.2592568 0.4632354 0.2095697 0.2771600 0.2250982 0.4987387 0.4498219 0.1966703 0.4979577 0.2924413 0.4132890 0.3943266 0.2361775 0.3024639 0.3005724 0.1268004 0.3092111 0.5162288 0.1885044 0.5392551 0.5213291 0.4849349 0.5682376 0.2104927 0.2597194 0.4345545 0.3083351 0.3688696 0.4251138 0.2854329 0.4563421 0.4624483 0.4663168 0.4527779 0.3631837 
ASV2573.125                  0.0445233 0.3418653 0.0084700 0.4513196 0.1060728 0.4111166 0.4678902 0.4111166 0.0128307 0.6126373 0.0836388 0.4041994 0.4368798 0.0000000 0.4927273 0.4602816 0.2900911 0.3440190 0.3537076 0.3983379 0.4135447 0.4439551 0.4264377 0.4264377 0.3715610 0.4927273 0.3515861 0.3741648 0.4177626 0.4092282 0.3239062 0.4171469 0.0350305 0.3712879 0.3256590 0.4140036 0.4355352 0.3418653 0.1605502 1.6895852 0.4992334 0.4982675 0.3392893 0.4854685 0.4645470 0.4730278 0.3893686 0.4487571 0.7564306 0.6325854 0.6167034 0.3902523 0.3968306 0.4666140 0.3876313 0.3724926 0.4718353 0.3937315 0.5730715 0.3058564 0.3741640 0.8628379 0.2999448 0.4967803 0.5046615 0.5191537 0.4509969 0.6113311 0.4358696 0.5111640 0.3594457 0.4448436 0.4101801 0.3733784 0.4372520 0.4874348 0.4389279 0.5679440 0.5017902 0.6222865 0.3851279 0.4366936 0.5551929 0.3531800 0.5656596 0.3635055 0.4015861 0.4537697 0.4865851 0.5471627 0.4734334 0.5950904 0.4585310 0.4365019 0.4075390 
ASV2745.78                   0.5405037 0.6362982 0.5100584 0.4513500 0.6070191 0.5528234 0.4672325 0.5528234 0.5236913 0.5657660 0.5801333 0.4500572 0.4330923 0.4927273 0.0000000 0.0255961 0.3225080 0.3227144 0.3435457 0.6144798 0.4528889 0.0168872 0.5715658 0.5715658 0.5440718 0.0000010 0.4004634 0.4143877 0.3916722 0.6303345 0.1427315 0.4327041 0.5604324 0.5310271 0.5785445 0.4427562 0.1276839 0.6362982 0.6692087 2.0273712 0.4716477 0.7357098 0.4955799 0.5773646 0.5829608 0.5631531 0.5278003 0.7124071 0.5256629 0.8676311 1.1692416 0.6381580 0.4537203 0.7200421 0.3342598 0.3656565 0.2787313 0.4634902 0.4891329 0.5609823 0.5491379 0.9640039 0.3137015 0.5988356 0.4704262 0.7872464 0.6428106 0.5769104 0.7208010 0.6829890 0.6754911 0.8472469 0.4044678 0.5388859 0.4585774 0.3941804 0.6793674 0.6668084 0.3956187 1.0908728 0.7375990 0.7441847 0.7573662 0.2707788 0.6160871 0.7299634 0.4481315 0.6705262 0.7377166 0.6324727 0.7401666 0.7198060 0.7123514 0.8607620 0.6155312 
ASV2824.76                   0.5313586 0.5704626 0.4765952 0.4443549 0.5582351 0.5322197 0.4296222 0.5322197 0.4894758 0.5563455 0.5703312 0.3959281 0.4060741 0.4602816 0.0255961 0.0000000 0.3181355 0.2930059 0.3127685 0.5365195 0.4236822 0.0167850 0.5503384 0.5503384 0.5041152 0.0255961 0.3697765 0.3942197 0.3922669 0.5500419 0.1313538 0.4110678 0.5238723 0.4887524 0.5323821 0.4360583 0.0989185 0.5704626 0.6142906 1.9005221 0.4775017 0.6678220 0.4764915 0.5892438 0.6156517 0.5747034 0.4934943 0.7357582 0.5128683 0.8529242 0.9725347 0.5588211 0.4371596 0.6196932 0.3117853 0.3510669 0.2501558 0.4345452 0.4487819 0.5253466 0.4915075 1.0043923 0.3095636 0.5434271 0.4510546 0.6852756 0.5865978 0.5317549 0.6204219 0.6525409 0.6268783 0.7266689 0.3813396 0.4964494 0.4505076 0.3567450 0.6082541 0.6825633 0.3740214 1.0988568 0.7023514 0.7083416 0.7643367 0.2586359 0.5856232 0.6749018 0.4405116 0.6937539 0.6348158 0.6074722 0.6396283 0.7704922 0.6448182 0.7374862 0.5381459 
ASV3151.2                    0.3408548 0.4922834 0.3055318 0.2413007 0.4259962 0.3356064 0.2511564 0.3057700 0.3116682 0.4731205 0.4041662 0.4256949 0.2285328 0.2900911 0.3225080 0.3181355 0.0000000 0.2201764 0.2201764 0.4595855 0.3729250 0.3062997 0.3481687 0.3169269 0.4288538 0.3089562 0.3340302 0.2788145 0.2535974 0.4710822 0.1685664 0.3184124 0.3460024 0.4564518 0.4475773 0.3395725 0.1935433 0.4442659 0.4457908 0.9184686 0.0337469 0.3408238 0.2702259 0.2905244 0.2898170 0.2826017 0.3233759 0.3959016 0.2653418 0.6782299 0.6120801 0.4985979 0.2579171 0.4736969 0.2194488 0.0339219 0.2636966 0.2375851 0.3651398 0.3657946 0.2489429 0.4938668 0.0121239 0.3373988 0.2972050 0.5280240 0.4619456 0.2667810 0.5003850 0.2918061 0.4238463 0.5296593 0.1999285 0.2448112 0.0434562 0.2266690 0.3253644 0.3111707 0.3082769 0.5145319 0.3930032 0.4315967 0.4757557 0.2891402 0.1857215 0.4463535 0.0459846 0.3052409 0.4916630 0.3109559 0.4851514 0.4283786 0.3873917 0.4632016 0.4098935 
ASV3315.25                   0.3705426 0.3438360 0.3440190 0.3675283 0.4242617 0.2526084 0.3812675 0.2526084 0.3499640 0.4217226 0.4508284 0.4076780 0.3102860 0.3440190 0.3227144 0.2930059 0.2201764 0.0000000 0.0084674 0.2816168 0.3425553 0.3099375 0.2627543 0.2627543 0.2623528 0.3227144 0.2135622 0.2447925 0.3379894 0.2901077 0.2010300 0.2778330 0.3655436 0.2971064 0.2959310 0.3584196 0.1695632 0.3438360 0.4551023 2.0961483 0.3190896 0.3838686 0.3556834 0.4847752 0.5173696 0.4726661 0.2527520 0.5735210 0.4975009 0.4687009 0.3579136 0.3958282 0.2768222 0.2940257 0.2292092 0.2705573 0.2225465 0.3335048 0.3466375 0.2919414 0.2741129 0.6578368 0.2070941 0.3591960 0.3440754 0.4399977 0.3457702 0.2641671 0.2924945 0.3693854 0.3506677 0.3970729 0.2857385 0.3451731 0.3493590 0.2465662 0.4326749 0.5491770 0.3081089 0.6858875 0.6003094 0.5850068 0.5651911 0.1970677 0.3378415 0.3338707 0.3080508 0.3772684 0.3281967 0.3404198 0.3320852 0.5483653 0.4118183 0.3138338 0.2667492 
ASV3317.0                    0.3806615 0.3477977 0.3537076 0.3822034 0.4504299 0.2553577 0.3963690 0.2553577 0.3596457 0.4370994 0.4788810 0.4401684 0.3139691 0.3537076 0.3435457 0.3127685 0.2201764 0.0084674 0.0000000 0.2816168 0.3556203 0.3301576 0.2656485 0.2656485 0.2734291 0.3435457 0.2234282 0.2474447 0.3422191 0.2901077 0.2038650 0.2888127 0.3755190 0.3004361 0.2992377 0.3816151 0.1695632 0.3477977 0.4711823 2.1111701 0.3367754 0.3903611 0.3691677 0.5020131 0.5242088 0.4895403 0.2555039 0.5811792 0.5074435 0.4776267 0.3778884 0.4005781 0.2851881 0.3069598 0.2316718 0.2814527 0.2329716 0.3376196 0.3515619 0.2951651 0.2776499 0.6673279 0.2165622 0.3591960 0.3440754 0.4455265 0.3501671 0.2674609 0.2924945 0.3847134 0.3552013 0.4023919 0.2988808 0.3496774 0.3646104 0.2494353 0.4494564 0.5707692 0.3121873 0.6959881 0.6093496 0.5937492 0.5735930 0.2069595 0.3562392 0.3381942 0.3213846 0.3912263 0.3281967 0.3642163 0.3320852 0.5564693 0.4287897 0.3178554 0.2667492 
ASV4387.0                    0.4244282 0.1813061 0.3836904 0.4247815 0.4301854 0.2433514 0.4101199 0.2433514 0.3999438 0.5987677 0.4048929 0.5727991 0.4601818 0.3983379 0.6144798 0.5365195 0.4595855 0.2816168 0.2816168 0.0000000 0.3758532 0.5622678 0.2527864 0.2527864 0.3640084 0.6144798 0.2521670 0.3192032 0.3863372 0.0042952 0.4729881 0.3989407 0.4074149 0.1932707 0.1922707 0.4161271 0.3492744 0.1813061 0.4527598 2.4444055 0.6473080 0.3642242 0.3609530 0.6491280 0.6719630 0.6322914 0.2355458 0.6446996 0.6906198 0.4503022 0.0262057 0.2227493 0.2607079 0.0240968 0.3192363 0.4987238 0.3812093 0.4476929 0.5807094 0.1391312 0.3271301 0.8496448 0.4150090 0.3824624 0.4519287 0.2455586 0.2042672 0.4653607 0.0870667 0.4983593 0.1609700 0.1870059 0.5218466 0.3899414 0.6201453 0.4002076 0.6321256 0.7363554 0.5262524 0.7361162 0.5919791 0.5964333 0.5961459 0.3720490 0.7584017 0.1498053 0.5027629 0.5708455 0.0397820 0.3102191 0.0135931 0.7480582 0.4392179 0.1012998 0.0628296 
ASV4527.30                   0.4158158 0.3755588 0.4135447 0.4143177 0.4686245 0.4818181 0.4296205 0.4818181 0.4198955 0.7412665 0.4649668 0.4172297 0.4074875 0.4135447 0.4528889 0.4236822 0.3729250 0.3425553 0.3556203 0.3758532 0.0000000 0.4088541 0.4992780 0.4992780 0.4343637 0.4528889 0.4212878 0.4042490 0.3985900 0.3866483 0.3297874 0.4900862 0.4217346 0.3848344 0.4088293 0.3585392 0.2628319 0.3755588 0.4753230 2.3027705 0.5199479 0.4180601 0.3355211 0.6359114 0.6006974 0.6359114 0.4703779 0.6194943 0.8231728 0.4903960 0.6551437 0.3977423 0.4619253 0.4399518 0.3781850 0.3770575 0.3552988 0.4224079 0.4755665 0.3210132 0.3534470 1.0747680 0.3720031 0.4169507 0.4400215 0.4268559 0.4520927 0.4752439 0.5124416 0.4924544 0.3700818 0.4603599 0.3965717 0.4857406 0.5875479 0.4749937 0.5809858 0.7714115 0.4354173 0.8574548 0.6929987 0.6715934 0.7903285 0.2956807 0.5765053 0.3985582 0.4469610 0.5982338 0.4488665 0.5889471 0.4487259 0.7677794 0.3787738 0.4364048 0.3811927 
ASV4554.37                   0.5131051 0.5974485 0.4598383 0.4148492 0.5967655 0.5079243 0.4296222 0.5079243 0.4724158 0.5378595 0.5512182 0.4140849 0.4010617 0.4439551 0.0168872 0.0167850 0.3062997 0.3099375 0.3301576 0.5622678 0.4088541 0.0000000 0.5253180 0.5253180 0.5218665 0.0168872 0.3838505 0.3942197 0.3922669 0.5764983 0.1409545 0.4110678 0.5058434 0.4887524 0.5689190 0.4265432 0.1084676 0.5974485 0.6575210 2.0050043 0.4394272 0.6199896 0.4764915 0.5892438 0.5949092 0.5747034 0.4600513 0.7266711 0.4694324 0.8209886 1.0001840 0.5850323 0.4468075 0.6523180 0.3081612 0.3385082 0.2560598 0.4290335 0.4487819 0.5144037 0.4733130 0.9908762 0.2981256 0.5562162 0.4622039 0.7181213 0.5865978 0.5317549 0.6531764 0.6292548 0.6127354 0.7649609 0.3813396 0.4964494 0.4332200 0.3387409 0.5866554 0.6825633 0.3740214 1.0853403 0.6920377 0.6979116 0.7531858 0.2477640 0.5566506 0.6591848 0.4239815 0.6845714 0.6682640 0.6209759 0.6721475 0.7591364 0.6353669 0.7765772 0.5637925 
ASV5179.23                   0.4855944 0.2857315 0.4106523 0.3903197 0.5460254 0.0042228 0.3953253 0.0042228 0.4226049 0.6468340 0.5001168 0.5198363 0.4159844 0.4264377 0.5715658 0.5503384 0.3481687 0.2627543 0.2656485 0.2527864 0.4992780 0.5253180 0.0000000 0.0000010 0.3640334 0.5715658 0.2528928 0.2770793 0.3992913 0.2605330 0.3915685 0.3542924 0.4785358 0.2704577 0.2737473 0.3872227 0.3056973 0.2857315 0.4964867 2.0632916 0.6373781 0.4812339 0.2799689 0.4956374 0.5087746 0.4831912 0.0264342 0.5388108 0.6157023 0.4299488 0.3939860 0.3053984 0.3042982 0.2858945 0.3038674 0.4385746 0.3618980 0.4105717 0.5362877 0.2418815 0.3577971 0.7140133 0.3501323 0.4147729 0.2936678 0.4302797 0.3153371 0.4635661 0.3240927 0.4091899 0.2858211 0.3086828 0.4128813 0.2838395 0.6049813 0.3548995 0.4740228 0.5630379 0.4646880 0.6787035 0.5934993 0.6240507 0.6316698 0.3249588 0.7191135 0.2885196 0.4516744 0.4239996 0.2633788 0.3999215 0.2966844 0.6792878 0.5602789 0.2508794 0.2660313 
ASV5730.1                    0.4855944 0.2857315 0.4106523 0.3903197 0.5460254 0.0042228 0.3953253 0.0039527 0.4226049 0.6468340 0.5001168 0.5198363 0.3690712 0.4264377 0.5715658 0.5503384 0.3169269 0.2627543 0.2656485 0.2527864 0.4992780 0.5253180 0.0000010 0.0000000 0.3640334 0.5417710 0.2528928 0.2770793 0.3992913 0.2605330 0.3915685 0.3542924 0.4785358 0.2704577 0.2737473 0.3872227 0.3056973 0.2633729 0.4964867 1.6567022 0.5254472 0.4083797 0.2526930 0.4353897 0.4466513 0.4248982 0.0246780 0.4722761 0.5033513 0.3635332 0.3369885 0.2765399 0.2756319 0.2566191 0.2735837 0.3884422 0.3226468 0.3640769 0.4633983 0.2206315 0.3158973 0.6076003 0.3125746 0.3655764 0.2616075 0.3844921 0.2838743 0.4052282 0.2887760 0.3595114 0.2572302 0.2763942 0.3613156 0.2527261 0.5177163 0.3157641 0.4152981 0.4841199 0.4056680 0.5781615 0.5089562 0.5339354 0.5396862 0.2907191 0.5902086 0.2594321 0.3941740 0.3760856 0.2363583 0.3558181 0.2675147 0.5768397 0.4820060 0.2262207 0.2412322 
ASV6566.15                   0.4337867 0.2981350 0.3579048 0.3075273 0.4904672 0.3516773 0.3075273 0.3516773 0.3866474 0.4536414 0.4333449 0.2807014 0.3300151 0.3715610 0.5440718 0.5041152 0.4288538 0.2623528 0.2734291 0.3640084 0.4343637 0.5218665 0.3640334 0.3640334 0.0000000 0.5440718 0.1332863 0.2955151 0.4471599 0.3733043 0.3458233 0.3783159 0.4059729 0.2729419 0.2845788 0.3889487 0.3591366 0.2981350 0.4562018 3.0283087 0.7148074 0.4562049 0.2335308 0.5824141 0.5710582 0.5680497 0.3566029 0.5339144 0.4829050 0.4001215 0.4991396 0.3361245 0.2354114 0.3965827 0.2891255 0.4750019 0.2326540 0.3707244 0.5095119 0.3055719 0.3498305 0.9100158 0.4370177 0.3530635 0.3466400 0.4013465 0.3264003 0.4025420 0.3858394 0.3983662 0.3769489 0.4140856 0.4410715 0.3495718 0.6520519 0.3424605 0.5227262 0.6728370 0.4772928 0.7687001 0.6436552 0.6547055 0.6539059 0.2555305 0.3384232 0.3600749 0.5973446 0.5953217 0.4150823 0.2616804 0.4254803 0.7146479 0.4441320 0.4868984 0.3481201 
ASV7023.6                    0.5405037 0.6362982 0.5100584 0.4513500 0.6070191 0.5528234 0.4672325 0.5243318 0.5236913 0.5657660 0.5801333 0.4500572 0.4129029 0.4927273 0.0000010 0.0255961 0.3089562 0.3227144 0.3435457 0.6144798 0.4528889 0.0168872 0.5715658 0.5417710 0.5440718 0.0000000 0.4004634 0.4143877 0.3916722 0.6303345 0.1427315 0.4327041 0.5604324 0.5310271 0.5785445 0.4427562 0.1276839 0.6012738 0.6692087 1.7752323 0.4405700 0.6819060 0.4704868 0.5468993 0.5521560 0.5338513 0.5007720 0.6727481 0.4871167 0.7908283 1.0364944 0.6032856 0.4327848 0.6734339 0.3198351 0.3499211 0.2673849 0.4410604 0.4622409 0.5321313 0.5183408 0.8905355 0.3008217 0.5634849 0.4456184 0.7381289 0.6045809 0.5444432 0.6742956 0.6415153 0.6333404 0.7874650 0.3833681 0.5093044 0.4342663 0.3751766 0.6373901 0.6246455 0.3760657 1.0037849 0.6881336 0.6938321 0.7064364 0.2594557 0.5723564 0.6809590 0.4251732 0.6324518 0.6895312 0.5959096 0.6928322 0.6729793 0.6661463 0.7993387 0.5821179 
ASV7321.5                    0.4324366 0.2161026 0.3649985 0.3323196 0.4943399 0.2431978 0.3323196 0.2431978 0.3664159 0.4802448 0.4781891 0.2522714 0.2699665 0.3515861 0.4004634 0.3697765 0.3340302 0.2135622 0.2234282 0.2521670 0.4212878 0.3838505 0.2528928 0.2528928 0.1332863 0.4004634 0.0000000 0.2195034 0.4265003 0.2600863 0.3066712 0.4124916 0.4150544 0.2270537 0.1961431 0.3657013 0.2732522 0.2161026 0.4149670 2.4240774 0.5592724 0.4071771 0.2703951 0.5177743 0.5486879 0.5048507 0.2541299 0.5576645 0.5279213 0.3254324 0.3265493 0.2182702 0.1606233 0.2637987 0.2475895 0.3903046 0.1989891 0.2818327 0.3774057 0.1960821 0.2820035 0.7180176 0.3265432 0.2358222 0.2085374 0.2700498 0.2735300 0.2815699 0.2834424 0.4058440 0.2409862 0.2405831 0.3193193 0.3147815 0.5075889 0.2268083 0.4475834 0.5911550 0.3394271 0.6629696 0.5848906 0.5612954 0.5565758 0.1874720 0.2734095 0.2263360 0.4342638 0.5566889 0.2844919 0.1781340 0.2970633 0.5586734 0.3799476 0.3071637 0.2211726 
ASV7511.14                   0.4351226 0.2734820 0.3928721 0.3579573 0.5502904 0.2665157 0.3579573 0.2665157 0.3990410 0.6860120 0.4803458 0.3192666 0.3127708 0.3741648 0.4143877 0.3942197 0.2788145 0.2447925 0.2474447 0.3192032 0.4042490 0.3942197 0.2770793 0.2770793 0.2955151 0.4143877 0.2195034 0.0000000 0.4059810 0.3280849 0.3529713 0.4419305 0.4504394 0.2894070 0.2722738 0.5990839 0.3338563 0.2734820 0.5502873 1.4649430 0.4637678 0.2427676 0.3337030 0.4835244 0.4856976 0.4715959 0.2957449 0.4114122 0.5027501 0.3947024 0.5869198 0.3252618 0.3217669 0.4198765 0.2179795 0.3174702 0.2706772 0.3084224 0.4570956 0.3008420 0.1821619 0.6874002 0.2907892 0.4014631 0.3412694 0.4604054 0.3324842 0.3795950 0.4222942 0.4497184 0.3425159 0.3358111 0.3765767 0.3553268 0.4093756 0.2241657 0.4362763 0.5406782 0.3475681 0.5445693 0.4859605 0.4304522 0.4575638 0.2575804 0.4597432 0.3509763 0.3406249 0.3947264 0.4040736 0.3189122 0.3747143 0.5214415 0.5383183 0.3938904 0.3031943 
ASV9462.2                    0.4254896 0.3751959 0.4386165 0.3561222 0.4820128 0.3853373 0.3561222 0.3853373 0.4450109 0.4479140 0.5983437 0.3915726 0.3149053 0.4177626 0.3916722 0.3922669 0.2535974 0.3379894 0.3422191 0.3863372 0.3985900 0.3922669 0.3992913 0.3992913 0.4471599 0.3916722 0.4265003 0.4059810 0.0000000 0.3969828 0.2440447 0.3051723 0.4410884 0.3659266 0.3832009 0.2800421 0.2403664 0.3751959 0.5231731 1.6275867 0.4231358 0.7056004 0.3523679 0.4353956 0.4260892 0.4242088 0.4018991 0.4158662 0.4757540 0.6479060 0.7428144 0.4408419 0.3721962 0.4907408 0.2653814 0.2942264 0.3876107 0.3381561 0.3483007 0.3684279 0.5422809 0.7127512 0.2818479 0.4515607 0.3960486 0.6290413 0.4628239 0.3657737 0.5438710 0.4903127 0.4335377 0.4891507 0.4058449 0.3730507 0.3683032 0.4137451 0.5844781 0.5048267 0.3057759 0.7661515 0.6842063 0.6448611 0.6307352 0.4125506 0.3853005 0.4332151 0.3209827 0.4865446 0.4865264 0.4657106 0.4586561 0.6534892 0.4421951 0.4524142 0.3978545 
ASV9466.1                    0.4358065 0.1880800 0.3943152 0.4137856 0.4416247 0.2509695 0.3993997 0.2509695 0.4108973 0.6148848 0.4159283 0.5916976 0.4718789 0.4092282 0.6303345 0.5500419 0.4710822 0.2901077 0.2901077 0.0042952 0.3866483 0.5764983 0.2605330 0.2605330 0.3733043 0.6303345 0.2600863 0.3280849 0.3969828 0.0000000 0.4729881 0.4099082 0.4184291 0.2002964 0.1992607 0.4269270 0.3492744 0.1880800 0.4645357 2.3110271 0.6245282 0.3777055 0.3704702 0.6666520 0.6901873 0.6491280 0.2430911 0.6615147 0.7185988 0.4670808 0.0330255 0.2155193 0.2685276 0.0290969 0.3281489 0.4866174 0.3914824 0.4592158 0.5975589 0.1328434 0.3375134 0.8776624 0.4255944 0.3936552 0.4646053 0.2378862 0.1965901 0.4782171 0.0930671 0.4849001 0.1538681 0.1795218 0.5072555 0.4009411 0.6383332 0.4114144 0.6506427 0.7600140 0.5409931 0.7588653 0.6090961 0.6135429 0.5796535 0.3820427 0.7868289 0.1426808 0.4890550 0.5855929 0.0450311 0.3196007 0.0090080 0.7717035 0.4523020 0.0950941 0.0680362 
ASV9781.6                    0.3247570 0.4765677 0.3292102 0.2328064 0.3903718 0.3728598 0.2328064 0.3728598 0.3373231 0.3570775 0.4191650 0.7038731 0.2473407 0.3239062 0.1427315 0.1313538 0.1685664 0.2010300 0.2038650 0.4729881 0.3297874 0.1409545 0.3915685 0.3915685 0.3458233 0.1427315 0.3066712 0.3529713 0.2440447 0.4729881 0.0000000 0.2825553 0.3448388 0.4497957 0.4133588 0.3086432 0.1566808 0.4765677 0.4224383 2.3416198 0.2276983 0.7941013 0.5026421 0.5623250 0.5301922 0.7133996 0.3541213 0.7244821 0.2378972 0.5250099 0.9392422 0.6014840 0.5845048 0.5484095 0.2512539 0.3102794 0.2619808 0.3029970 0.3640592 0.4241154 0.4926861 0.6054336 0.4627767 0.3964660 0.3297670 0.8750778 0.4605844 0.3977629 0.5925423 0.4276481 0.4332805 0.5000974 0.1669106 0.3072912 0.2531585 0.2487135 0.5377422 0.5849637 0.3223382 1.1879770 0.5819341 0.6224769 0.6953854 0.6603697 0.3821625 0.4761252 0.2389746 0.6493288 0.5546947 0.5121072 0.5362927 0.6124675 0.5719171 0.5551467 0.5238425 
ASV9962.0                    0.4264604 0.4145436 0.4075490 0.4222984 0.4206298 0.3410981 0.4222984 0.3410981 0.4136135 0.2932032 0.4191935 0.4041236 0.3825265 0.4171469 0.4327041 0.4110678 0.3184124 0.2778330 0.2888127 0.3989407 0.4900862 0.4110678 0.3542924 0.3542924 0.3783159 0.4327041 0.4124916 0.4419305 0.3051723 0.4099082 0.2825553 0.0000000 0.4427285 0.3693540 0.3517694 0.3848746 0.2912053 0.4145436 0.4274330 1.7262511 0.4741517 0.6369174 0.3090790 0.5080080 0.5561353 0.4950798 0.3564786 0.5658933 0.5745968 0.5107263 0.7111414 0.4744083 0.4229143 0.4827571 0.4077039 0.3600027 0.3442654 0.3746621 0.5035821 0.3343482 0.4823084 0.9117189 0.2919092 0.4109646 0.4877960 0.5995205 0.4524738 0.3678540 0.4787005 0.4996377 0.3843438 0.4946029 0.4400579 0.4714040 0.4633558 0.5120848 0.5428253 0.5810066 0.3629328 1.1714352 0.7637228 0.8372926 0.8179414 0.2749219 0.5710905 0.4125304 0.4084231 0.4691330 0.5088182 0.4917690 0.4748313 0.7063219 0.4307359 0.4363015 0.4432002 
ASV10278.8                   0.0169665 0.3704647 0.0350305 0.5013825 0.0984658 0.4618140 0.5194395 0.4618140 0.0398090 0.5565457 0.0774128 0.4416269 0.4998983 0.0350305 0.5604324 0.5238723 0.3460024 0.3655436 0.3755190 0.4074149 0.4217346 0.5058434 0.4785358 0.4785358 0.4059729 0.5604324 0.4150544 0.4504394 0.4410884 0.4184291 0.3448388 0.4427285 0.0000000 0.4233303 0.3933593 0.4121738 0.4642675 0.3704647 0.1632041 1.6003427 0.6007740 0.5907355 0.3848444 0.5255463 0.5029139 0.5122167 0.4387205 0.4854802 0.7954032 0.6663840 0.6366887 0.4439846 0.4995560 0.4777851 0.4324258 0.4371296 0.4636957 0.4530191 0.6080857 0.3320440 0.4462765 0.9107984 0.3566248 0.6261761 0.6187924 0.5335675 0.5189478 0.7021630 0.4805396 0.5615584 0.3927767 0.5122394 0.4624324 0.4130902 0.5083658 0.5465293 0.5201737 0.6195583 0.5638842 0.6771687 0.4862076 0.4904941 0.6219920 0.4261916 0.6747093 0.3974621 0.4795465 0.4822226 0.4982426 0.6696664 0.4840791 0.6657986 0.4486582 0.4735439 0.4221843 
ASV10287.1                   0.4075354 0.1012247 0.3845940 0.3530778 0.4490635 0.2609047 0.3402957 0.2609047 0.3953582 0.5183005 0.4396684 0.3850480 0.4349121 0.3712879 0.5310271 0.4887524 0.4564518 0.2971064 0.3004361 0.1932707 0.3848344 0.4887524 0.2704577 0.2704577 0.2729419 0.5310271 0.2270537 0.2894070 0.3659266 0.2002964 0.4497957 0.3693540 0.4233303 0.0000000 0.0444831 0.4475468 0.4244337 0.1012247 0.3777208 2.4545160 0.7404384 0.3504485 0.3268378 0.6307157 0.6273131 0.6151019 0.2682232 0.6029174 0.6029184 0.4228914 0.2133281 0.1249124 0.2151323 0.1869138 0.3045886 0.4922675 0.3541319 0.4076945 0.5144758 0.1248438 0.2827664 0.8763855 0.4527058 0.3350544 0.3258713 0.1888013 0.0186931 0.4708352 0.1921892 0.5363770 0.1328812 0.1244049 0.4306056 0.4510998 0.7315700 0.3466485 0.4495454 0.7351347 0.4136733 0.7617587 0.6261542 0.6180923 0.5033298 0.3081049 0.5908968 0.1473059 0.5419271 0.4562969 0.1995214 0.2507010 0.2291564 0.7301836 0.4166670 0.1728321 0.1336186 
ASV10600.3                   0.3782227 0.0826786 0.3377961 0.4130808 0.3927249 0.2640350 0.3988857 0.2640350 0.3477698 0.5461255 0.4300044 0.3889871 0.4662751 0.3256590 0.5785445 0.5323821 0.4475773 0.2959310 0.2992377 0.1922707 0.4088293 0.5689190 0.2737473 0.2737473 0.2845788 0.5785445 0.1961431 0.2722738 0.3832009 0.1992607 0.4133588 0.3517694 0.3933593 0.0444831 0.0000000 0.5239924 0.4406746 0.0826786 0.3475062 2.1583155 0.7174471 0.3882735 0.3339215 0.6738489 0.6697189 0.6568446 0.2792358 0.6411155 0.6630210 0.4187486 0.2326456 0.1221754 0.2052315 0.1933754 0.3767486 0.5068173 0.3755520 0.4259186 0.5705909 0.1117598 0.3103953 1.1708585 0.4439269 0.3288902 0.3290775 0.1925283 0.0702563 0.4792585 0.2041609 0.6083575 0.1308543 0.1091734 0.4847646 0.4924418 0.6933968 0.4232113 0.5472609 0.7936951 0.4580347 0.7636514 0.6368678 0.6286841 0.5707843 0.2939476 0.5836768 0.1319675 0.5302487 0.5253826 0.2140240 0.2547212 0.2278955 0.8091587 0.4317218 0.1718976 0.1455611 
ASV10695.4                   0.3957495 0.5173995 0.4041565 0.3013949 0.3912163 0.3733619 0.3135922 0.3733619 0.4156934 0.4557138 0.4049036 0.4074942 0.2638086 0.4140036 0.4427562 0.4360583 0.3395725 0.3584196 0.3816151 0.4161271 0.3585392 0.4265432 0.3872227 0.3872227 0.3889487 0.4427562 0.3657013 0.5990839 0.2800421 0.4269270 0.3086432 0.3848746 0.4121738 0.4475468 0.5239924 0.0000000 0.3203910 0.5173995 0.4245863 2.7258843 0.5124142 0.7929046 0.2421651 0.4930095 0.4789293 0.4806765 0.3738016 0.5617905 0.5836629 0.9371663 0.7331673 0.5100821 0.4188897 0.4582120 0.3497665 0.3741024 0.3336851 0.2722647 0.4088835 0.3975189 0.5796716 0.6672153 0.3344183 0.5468104 0.4660040 0.5571019 0.5518346 0.4045585 0.5455649 0.3945088 0.4635504 0.5324937 0.4680298 0.3306515 0.5028430 0.4808085 0.5403436 0.5951237 0.3649497 0.9022822 0.7241957 0.6440496 0.7335692 0.3338859 0.5129739 0.4832929 0.4240414 0.4469654 0.4289617 0.4974366 0.4920149 0.6683405 0.5415022 0.4871960 0.3928995 
ASV10982.3                   0.4914304 0.4669877 0.4437672 0.2719972 0.4663642 0.2885248 0.2719972 0.2885248 0.4275188 0.4106883 0.6037758 0.6863436 0.2431787 0.4355352 0.1276839 0.0989185 0.1935433 0.1695632 0.1695632 0.3492744 0.2628319 0.1084676 0.3056973 0.3056973 0.3591366 0.1276839 0.2732522 0.3338563 0.2403664 0.3492744 0.1566808 0.2912053 0.4642675 0.4244337 0.4406746 0.3203910 0.0000000 0.4669877 0.4804380 2.6437537 0.1848322 0.6078704 0.6632892 0.5668106 0.5423787 0.8364266 0.2585180 0.9099595 0.2552412 0.4708632 0.5274989 0.6155731 0.6715337 0.3657660 0.2194565 0.2766575 0.2752582 0.2769287 0.3847642 0.4742070 0.4569204 0.6940018 0.4934142 0.3581770 0.2714804 0.9367462 0.5148128 0.3657619 0.4392104 0.3472793 0.4409617 0.5186551 0.2280808 0.2370190 0.2516960 0.1581404 0.5431217 0.5371305 0.3206187 0.9612897 0.5351458 0.5981614 0.5689162 0.7942686 0.3479254 0.4800684 0.2480907 0.5813946 0.3622177 0.5976658 0.3954359 0.5875712 0.5777093 0.4701516 0.3545148 
ASV11440.21                  0.3654994 0.0000010 0.3543223 0.5031453 0.4331235 0.2756708 0.4861960 0.2543132 0.3645040 0.5509450 0.4212629 0.4165276 0.3933072 0.3418653 0.6362982 0.5704626 0.4442659 0.3438360 0.3477977 0.1813061 0.3755588 0.5974485 0.2857315 0.2633729 0.2981350 0.6012738 0.2161026 0.2734820 0.3751959 0.1880800 0.4765677 0.4145436 0.3704647 0.1012247 0.0826786 0.5173995 0.4669877 0.0000000 0.3830925 1.4583141 0.7463310 0.3860320 0.3043142 0.5462734 0.5441688 0.5335933 0.2612978 0.5308474 0.5886560 0.3221590 0.2153640 0.0806693 0.2223796 0.1928275 0.3021747 0.5525391 0.3433022 0.3419285 0.4046748 0.0967354 0.3299809 0.7873559 0.4464733 0.3029729 0.3101649 0.1736667 0.1018755 0.4207047 0.2163829 0.5249867 0.1179097 0.0711508 0.4230872 0.4143855 0.6460037 0.3410843 0.4659171 0.6212982 0.4035933 0.5426692 0.4976040 0.4935815 0.5662515 0.2865375 0.5643615 0.1130795 0.5292287 0.5211243 0.2121241 0.2494477 0.1987530 0.6076624 0.3780477 0.1493507 0.1504707 
ASV11521.2                   0.1489428 0.3830925 0.1542415 0.5246491 0.0866470 0.4796004 0.5070627 0.4796004 0.1685576 0.5476634 0.1938764 0.5350751 0.4710010 0.1605502 0.6692087 0.6142906 0.4457908 0.4551023 0.4711823 0.4527598 0.4753230 0.6575210 0.4964867 0.4964867 0.4562018 0.6692087 0.4149670 0.5502873 0.5231731 0.4645357 0.4224383 0.4274330 0.1632041 0.3777208 0.3475062 0.4245863 0.4804380 0.3830925 0.0000000 1.7802570 0.8805304 0.9322634 0.4686174 0.5985347 0.5864204 0.5833844 0.4792589 0.5497094 1.0196019 0.9495426 0.6258596 0.4591331 0.4415578 0.5238130 0.5137795 0.4835440 0.4864849 0.4283689 0.6283572 0.4069584 0.5819903 1.0106210 0.4387545 0.5610036 0.5254771 0.5904764 0.4643788 0.6142764 0.5591665 0.5547031 0.4739732 0.4739676 0.5124400 0.5204905 0.6732942 0.6070325 0.4666701 0.7170698 0.4870456 1.0607062 0.6904335 0.6854175 0.8352343 0.4456758 0.7869737 0.4938564 0.5880329 0.4713851 0.5517899 0.4852496 0.5381579 0.6719822 0.6451625 0.4835437 0.4234270 
Mortierella_globalpina       1.5237932 1.8184864 1.6003427 2.0141808 1.9912713 2.1744077 2.0141808 1.7380628 1.6078037 2.2815533 2.2125667 2.8224431 1.3515406 1.6895852 2.0273712 1.9005221 0.9184686 2.0961483 2.1111701 2.4444055 2.3027705 2.0050043 2.0632916 1.6567022 3.0283087 1.7752323 2.4240774 1.4649430 1.6275867 2.3110271 2.3416198 1.7262511 1.6003427 2.4545160 2.1583155 2.7258843 2.6437537 1.4583141 1.7802570 0.0000000 1.1484979 1.2820860 1.2313189 1.1050608 1.1922013 1.1229869 1.3285252 1.4875344 1.4314440 1.4491349 1.6086640 1.2466458 1.2895777 1.8144304 1.4751026 1.0043198 1.1507040 1.4476183 1.8163144 1.2072936 1.4928279 1.7895773 1.2156601 1.5139044 1.3205801 1.7524252 1.5578663 1.5004156 1.8081985 1.8063267 1.7377051 1.8368738 1.6423067 1.6594780 1.4832339 2.1212775 1.6366098 1.5496767 1.7047421 2.0339833 2.0598551 2.0200974 1.6840260 1.3206641 1.3890406 1.5876647 1.2640344 1.2753161 1.8157350 1.8349931 1.7419724 1.7690432 1.7848248 1.8316579 1.3334548 
