185
ASV980.252               0.0000000 0.4398401 0.3976923 0.3899267 0.3845248 0.2446304 0.2261902 0.2398624 0.2871812 0.2961891 0.2734592 0.2669357 0.2527294 0.2869591 0.2804992 0.3027861 0.3773092 0.2234278 0.2549961 0.1827450 0.1860993 0.1681069 0.2060451 0.4050086 0.4018099 0.3857552 0.3764926 0.3268582 0.2348865 0.2357504 0.2613254 0.2613254 0.2759060 0.2684708 0.3293650 0.2775257 0.2163207 0.2396043 0.2255561 0.2362781 0.2362781 0.2224763 0.2239530 0.2375615 0.2228445 0.2228445 0.2179995 0.2205418 0.2228445 0.2112498 0.2736715 0.2434108 0.2409265 0.2130631 0.2274324 0.2321306 0.2274324 0.2612965 0.2066371 0.1935842 0.2069402 0.2134681 0.2112498 0.2245879 0.1817069 0.2061572 0.1835716 0.2943451 0.2688385 0.2732684 0.2732684 0.2646402 0.2687916 0.2747376 0.2927239 0.2747376 0.2545271 0.2692927 0.2592424 0.2604875 0.2720961 0.2639379 0.2641040 0.2655032 0.2389525 0.2613276 0.2435345 0.2435345 0.2424289 0.2478646 0.2346247 0.2515493 0.2535943 0.2505035 0.3769310 0.1988107 0.1908887 0.1877608 0.2331682 0.2264374 0.1891957 0.2132571 0.2431337 0.2397655 0.2839947 0.2989498 0.2461157 0.2144045 0.2175241 0.3226999 0.4722395 0.4770440 0.3983461 0.4975051 0.4133662 0.4457284 0.5040091 0.5636642 0.5021475 0.4939256 0.4939256 0.3175186 0.3999723 0.3837595 0.3809865 0.3744136 0.2833940 0.2817237 0.2532705 0.2712093 0.2833940 0.2833940 0.2845737 0.2230266 0.3118715 0.2679892 0.2599724 0.4045536 0.4250761 0.3358905 0.5718008 0.3113936 0.3136799 0.3274728 0.3172074 1.0687059 0.4936107 0.8368773 0.3742384 0.2940358 0.3416350 0.2858604 0.3820205 0.2625552 0.4193586 0.2082737 0.2435300 0.3428434 0.2695575 0.3928722 0.2987414 0.5241869 0.5252764 0.3904734 0.2930028 0.6587213 0.3385042 0.2560959 0.2666317 0.6545963 0.3467511 0.6201205 0.3833946 0.3620160 0.3233028 0.3335551 0.3992164 0.6860387 0.2538435 0.3836323 0.6570674 0.5044258 0.8693227 0.3066737 0.0097502 
ASV16684.31              0.4398401 0.0000000 0.0297320 0.0379171 0.0379171 0.2193233 0.2181876 0.2019978 0.5531814 0.4988277 0.5386987 0.5589163 0.4288246 0.4960057 0.5127315 0.5868870 0.7384678 0.5059751 0.5004128 0.5096241 0.5836062 0.6021656 0.5405115 0.4367061 0.4557560 0.4799921 0.4369697 0.6109639 0.4124881 0.4470533 0.4509762 0.4509762 0.4304749 0.4497152 0.3411613 0.4307675 0.5155466 0.4125401 0.4326414 0.4869010 0.4869010 0.4636174 0.4613336 0.4829588 0.4829588 0.4829588 0.4762720 0.4762720 0.4829588 0.4233971 0.4602756 0.4308822 0.4308822 0.4159524 0.4159524 0.4217654 0.4159524 0.6825972 0.5088443 0.5088443 0.4658352 0.3969741 0.4233971 0.4233971 0.3754288 0.3875157 0.4035639 0.4025571 0.4724001 0.4811008 0.4811008 0.4493646 0.4790018 0.4986065 0.4986065 0.4986065 0.4747099 0.4534424 0.4724001 0.5839909 0.5753888 0.5669214 0.5782082 0.5686626 0.5563283 0.6281769 0.3494028 0.3539816 0.4337651 0.3909625 0.3584112 0.3675462 0.3640993 0.3584112 0.5456911 0.4318973 0.4542010 0.4458265 0.4091119 0.4092567 0.3689835 0.4060246 0.4171988 0.4412847 0.5303435 0.5070376 0.4309029 0.4962397 0.5200727 0.3735993 0.4197747 0.4349524 0.5045332 0.5070391 0.4218346 0.4208217 0.4496533 0.4342694 0.4281677 0.4578598 0.4851659 0.3638777 0.3782796 0.3833016 0.3468032 0.3207312 0.4512384 0.4512384 0.4840737 0.4795971 0.4512384 0.4512384 0.5514926 0.5638151 0.5497077 0.5205145 0.5660177 0.6266686 0.5750843 0.7949653 0.5340504 0.8216185 0.4740224 0.4937943 0.5766882 1.4827942 0.6964598 0.5797938 0.6527049 0.4726536 0.9376113 0.6825142 0.5982567 0.8315605 0.5581088 0.5522681 0.7084313 0.5766090 0.7663383 0.6671357 0.4932622 0.6475023 1.5510165 0.7640357 0.9030050 0.7683842 0.7463194 0.7813571 0.6182099 0.5713009 0.7055954 0.8782983 0.7733865 0.7463194 0.8431447 0.6432998 0.7839745 0.7066800 0.6844492 1.0595531 0.5508623 0.6871755 0.5373444 0.9789006 0.7775816 
ASV19239.37              0.3976923 0.0297320 0.0000000 0.0074880 0.0074880 0.2000449 0.1877779 0.1979710 0.5511059 0.4840997 0.4876169 0.5310262 0.3847233 0.4702533 0.4634402 0.5095766 0.7471135 0.5010082 0.4952663 0.4565218 0.5360952 0.5303174 0.4788209 0.4135045 0.4316983 0.4487983 0.4386707 0.6177854 0.4134937 0.4490668 0.4408493 0.4408493 0.4203705 0.4396310 0.3519931 0.4332078 0.4919270 0.4024498 0.4225347 0.4900703 0.4900703 0.4661095 0.4380411 0.4594646 0.4594646 0.4594646 0.4530651 0.4530651 0.4594646 0.4066479 0.4321619 0.4032272 0.4032272 0.3881684 0.3881684 0.3936481 0.3881684 0.6916831 0.4926257 0.4926257 0.4493038 0.3796466 0.4066479 0.4066479 0.3702778 0.3604623 0.3557508 0.3633637 0.4305704 0.4387803 0.4387803 0.4074744 0.4365852 0.4556159 0.4556159 0.4556159 0.4328205 0.4121458 0.4305704 0.5587873 0.5505231 0.5418049 0.5530528 0.5435722 0.5314414 0.6025350 0.3533177 0.3581422 0.4160572 0.3859152 0.3529942 0.3851128 0.3815623 0.3753376 0.5122974 0.4088478 0.4227461 0.4227461 0.3810272 0.3863771 0.3465209 0.3834018 0.3945813 0.4182883 0.5057268 0.4826475 0.4078168 0.4724108 0.4955423 0.3138665 0.3883224 0.4114576 0.4661069 0.4895960 0.3983165 0.3977079 0.4259323 0.4104429 0.4046268 0.4335902 0.4603755 0.3344917 0.3683886 0.3733104 0.3368528 0.3106560 0.4221205 0.4221205 0.4281577 0.4244459 0.4221205 0.4221205 0.5264679 0.5108009 0.5243757 0.4954312 0.5501218 0.6222802 0.5697355 0.7005545 0.5192806 0.7801144 0.4418886 0.4635354 0.5739038 1.3127358 0.5847443 0.6597308 0.6641391 0.4421828 0.8921273 0.6599183 0.5592985 0.7232979 0.5978376 0.5229735 0.6701665 0.5499483 0.7837842 0.6727807 0.4901251 0.6103825 1.3198920 0.7168076 0.8591139 0.7262458 0.6999966 0.7605562 0.5818437 0.5196907 0.6692985 0.8313365 0.6948955 0.6999966 0.7509395 0.6087780 0.7364197 0.6666132 0.6504557 1.0099502 0.5358654 0.6469397 0.6502537 0.9333465 0.6984510 
ASV6864.118              0.3899267 0.0379171 0.0074880 0.0000000 0.0000010 0.1857559 0.1738230 0.1590351 0.5000951 0.4143122 0.4193198 0.4802560 0.3453459 0.4200924 0.4183191 0.5202425 0.7130409 0.4640212 0.4578139 0.4451371 0.4907001 0.5110753 0.4770398 0.3720049 0.3875228 0.4089588 0.3957296 0.5578485 0.3726739 0.4047126 0.4384864 0.4384864 0.4180714 0.4372814 0.3499707 0.4308313 0.4509097 0.3948990 0.4146110 0.4420792 0.4420792 0.4202846 0.3948990 0.4146110 0.4146110 0.4146110 0.4146110 0.4146110 0.4146110 0.3816255 0.3998077 0.3725169 0.3725169 0.3579048 0.3579048 0.3628128 0.3579048 0.6335591 0.4644999 0.4644999 0.4226397 0.3502986 0.3816255 0.3816255 0.3731746 0.3856217 0.3783693 0.3195870 0.3814972 0.3888196 0.3888196 0.3590579 0.4100007 0.4283818 0.4283818 0.4283818 0.3835877 0.3642935 0.3814972 0.5044857 0.4973975 0.4886924 0.4992490 0.4905436 0.4794587 0.5448112 0.3298660 0.3342885 0.3605444 0.3656702 0.3556816 0.3650456 0.3614919 0.3556816 0.4683154 0.3727981 0.4057289 0.3859570 0.3555624 0.3350816 0.3147070 0.3328567 0.3599815 0.3818839 0.4622705 0.4407170 0.3717905 0.4319041 0.4526513 0.2977901 0.3649582 0.3620819 0.4587789 0.4610861 0.3301917 0.3309778 0.3555836 0.3408484 0.3362318 0.3583892 0.3583892 0.3177396 0.3570130 0.3618468 0.3209866 0.2948785 0.4445419 0.4445419 0.4509570 0.4469293 0.4445419 0.4445419 0.4492492 0.4347543 0.4463334 0.4692138 0.4361686 0.5556718 0.5074898 0.6279112 0.4650752 0.6909286 0.4253991 0.4481049 0.5401205 1.1196720 0.4678174 0.6343673 0.5534034 0.4659123 0.7875205 0.6101486 0.5472114 0.7224017 0.5706574 0.4706969 0.5931214 0.4661760 0.6889043 0.6053052 0.5150444 0.5284295 1.1425646 0.6464466 0.7595438 0.5792997 0.6319030 0.7083193 0.4853607 0.4553638 0.5962482 0.7101813 0.5939482 0.6319030 0.6150774 0.5425570 0.6643150 0.5305356 0.5826836 0.8678689 0.4801869 0.5119302 0.6613386 0.8265769 0.6806019 
ASV10026.40              0.3845248 0.0379171 0.0074880 0.0000010 0.0000000 0.1857559 0.1738230 0.1590351 0.4938928 0.4092529 0.4143305 0.4742174 0.3414890 0.4151878 0.4133598 0.5137067 0.7029544 0.4583804 0.4521404 0.4396380 0.4846826 0.5110753 0.4711824 0.3670887 0.3822173 0.4089588 0.3905197 0.5496685 0.3896769 0.4226380 0.4325226 0.4325226 0.4124362 0.4313615 0.3454832 0.4495972 0.4448027 0.3896769 0.4090806 0.4360305 0.4360305 0.4146110 0.3896769 0.4090806 0.4090806 0.4090806 0.4090806 0.4090806 0.4090806 0.3765750 0.3943467 0.3675205 0.3675205 0.3530858 0.3530858 0.3578696 0.3530858 0.6236979 0.4580900 0.4580900 0.4169050 0.3456751 0.3765750 0.3765750 0.3681139 0.3804194 0.3731746 0.3155366 0.3764376 0.3836078 0.3836078 0.3590579 0.4043931 0.4224797 0.4224797 0.4224797 0.3784937 0.3594945 0.3764376 0.4973100 0.4904066 0.4817517 0.4921698 0.4836169 0.4727128 0.5369825 0.3255538 0.3298660 0.3556199 0.3606371 0.3508926 0.3600609 0.3565453 0.3508926 0.4683154 0.3678425 0.4002922 0.3808235 0.3508497 0.3306943 0.3106599 0.3285469 0.3552996 0.3768295 0.4557369 0.4345367 0.3668464 0.4259761 0.4462505 0.2939524 0.3828831 0.3797869 0.4519992 0.4541401 0.3257243 0.3266021 0.3507519 0.3362027 0.3317043 0.3534680 0.3534680 0.3135345 0.3523018 0.3570130 0.3168364 0.2910666 0.4382952 0.4382952 0.4445419 0.4406429 0.4382952 0.4382952 0.4433045 0.4290158 0.4403486 0.4627716 0.4303820 0.5466709 0.4993396 0.6180327 0.4557040 0.6757926 0.4189304 0.4417252 0.5292371 1.0891311 0.4585598 0.6707230 0.5840447 0.4590821 0.7689184 0.5970266 0.5356149 0.7091320 0.6043790 0.4628639 0.5806557 0.4596061 0.6729021 0.5917598 0.5073565 0.5177814 1.1118266 0.6318757 0.7419799 0.5663064 0.6179324 0.6932487 0.4756486 0.4457269 0.5843809 0.6931574 0.5810353 0.6179324 0.6029545 0.5321697 0.6491829 0.5190492 0.5717104 0.8467383 0.4703043 0.5007845 0.6998995 0.8073211 0.6649181 
ASV3442.247              0.2446304 0.2193233 0.2000449 0.1857559 0.1857559 0.0000000 0.0075901 0.0742162 0.3085785 0.2854648 0.3546611 0.4054419 0.3351106 0.4031994 0.3929323 0.3962890 0.3901136 0.2658982 0.2693925 0.2859897 0.2882008 0.2747095 0.2820051 0.1688422 0.1753330 0.2060877 0.1915184 0.2719557 0.1816811 0.2121032 0.1948953 0.1948953 0.1948953 0.1802021 0.2414972 0.2008707 0.2058809 0.2021668 0.2021668 0.1987531 0.1987531 0.1838104 0.1675227 0.1816811 0.1816811 0.1816811 0.1795995 0.1795995 0.1816811 0.1653652 0.1564914 0.1653634 0.1653634 0.1514993 0.1514993 0.1397390 0.1514993 0.2680451 0.2205347 0.2205347 0.1913411 0.1544791 0.1653652 0.1653652 0.1825368 0.1935758 0.1846899 0.1986326 0.2009197 0.1865635 0.1865635 0.1622214 0.1895983 0.2026297 0.2026297 0.2026297 0.1886707 0.1747641 0.1728291 0.1970057 0.2121437 0.1816390 0.2034246 0.1929921 0.1859346 0.2122216 0.1619464 0.1637654 0.1822996 0.1832309 0.1534483 0.1726699 0.1702462 0.1680749 0.2659606 0.2125175 0.2125175 0.1976587 0.2343328 0.2526158 0.2219089 0.2526158 0.1963983 0.2123504 0.2236747 0.2079889 0.2026643 0.2460190 0.2574556 0.2405507 0.2410695 0.2094394 0.3015752 0.3081238 0.2391594 0.2146974 0.2341900 0.3038298 0.2996004 0.2605260 0.2807243 0.2205699 0.2048181 0.2073397 0.1778413 0.1697597 0.2139838 0.2139838 0.2306196 0.2293199 0.2139838 0.2139838 0.3164903 0.2859343 0.3025614 0.3331436 0.3082184 0.3366936 0.2804240 0.3880296 0.2776072 0.2655924 0.2154461 0.2851707 0.2717126 0.6704609 0.3734738 0.3992808 0.2678053 0.2223170 0.3023282 0.2271988 0.2511458 0.4711789 0.2064079 0.2440535 0.3033830 0.3429309 0.2405719 0.2105709 0.2200342 0.2503410 0.6187313 0.2290304 0.3852297 0.3570978 0.2246247 0.2885982 0.3485549 0.3265377 0.3095511 0.3245293 0.2447305 0.2246247 0.3691805 0.2767856 0.2469308 0.3808035 0.3069697 0.3179590 0.4265848 0.3332532 0.3651536 0.3017992 0.3859021 
ASV4176.193              0.2261902 0.2181876 0.1877779 0.1738230 0.1738230 0.0075901 0.0000000 0.0648649 0.3210289 0.2979120 0.3485781 0.3984334 0.3293836 0.3962173 0.3860761 0.4103677 0.4134818 0.2510173 0.2542761 0.2699834 0.2726892 0.2702692 0.2773534 0.1539233 0.1597869 0.1898993 0.1765413 0.2551099 0.1675227 0.1971908 0.1804985 0.1804985 0.1804985 0.1661577 0.2253419 0.1860087 0.1914273 0.1871894 0.1871894 0.1840527 0.1840527 0.1694671 0.1536748 0.1675227 0.1675227 0.1675227 0.1656194 0.1656194 0.1675227 0.1483860 0.1666843 0.1616940 0.1616940 0.1481731 0.1481731 0.1498182 0.1481731 0.2680451 0.2155152 0.2155152 0.1870592 0.1377697 0.1483860 0.1483860 0.1935764 0.2045176 0.1958460 0.1963185 0.1986749 0.1845015 0.1845015 0.1604328 0.1874670 0.1981018 0.2003409 0.2003409 0.1845015 0.1709354 0.1709354 0.1970057 0.2121437 0.1816390 0.2034246 0.1929921 0.1859346 0.2122216 0.1871327 0.1892556 0.1781508 0.1943199 0.1642845 0.1860060 0.1813425 0.1790339 0.2707907 0.1976810 0.1976810 0.1831351 0.2186377 0.2363812 0.2062958 0.2363812 0.1819194 0.1974354 0.2177603 0.2024403 0.1877212 0.2302805 0.2507498 0.2358321 0.2363301 0.2053141 0.2827988 0.2809141 0.2345073 0.2105887 0.2296451 0.2976670 0.2935843 0.2553222 0.2750787 0.2310368 0.2010342 0.2034713 0.1745198 0.1664987 0.1990003 0.1990003 0.2151780 0.2140095 0.1990003 0.1990003 0.3111192 0.2810699 0.2972079 0.3272628 0.3028740 0.3273098 0.2611842 0.3807192 0.2701127 0.2435103 0.2127071 0.2815799 0.2670993 0.6280427 0.3631848 0.3878686 0.2455892 0.2066671 0.2780881 0.1994554 0.2469199 0.4604426 0.1841482 0.2255250 0.2795633 0.3367696 0.2405719 0.2284035 0.2045611 0.2267974 0.6019466 0.2469308 0.3716119 0.3468847 0.2209653 0.2588070 0.3219488 0.3173527 0.2864362 0.2949982 0.2367883 0.2209653 0.3607875 0.2551601 0.2428392 0.3700306 0.2853531 0.2937242 0.4142751 0.3386148 0.3344914 0.2790002 0.3522767 
ASV2145.495              0.2398624 0.2019978 0.1979710 0.1590351 0.1590351 0.0742162 0.0648649 0.0000000 0.3442336 0.2778567 0.3263227 0.4171155 0.3454993 0.3931005 0.4044846 0.3818779 0.4311846 0.2513289 0.2545867 0.2495716 0.2562955 0.2851673 0.2596772 0.1687290 0.1751788 0.2057389 0.1912797 0.2556438 0.1263312 0.1536432 0.1671901 0.1671901 0.1671901 0.1813898 0.1940166 0.1611980 0.1781263 0.1691341 0.1691341 0.1412115 0.1412115 0.1277472 0.1268716 0.1401058 0.1401058 0.1401058 0.1526167 0.1526167 0.1401058 0.1507035 0.1688554 0.1637419 0.1637419 0.1500205 0.1500205 0.1517072 0.1500205 0.2801198 0.2150859 0.2150859 0.1865574 0.1261742 0.1507035 0.1507035 0.1525632 0.1633716 0.1543079 0.1983584 0.2006628 0.2150859 0.2150859 0.2042587 0.2187327 0.2323511 0.2323511 0.2323511 0.2175718 0.2029611 0.2006628 0.1789778 0.1934842 0.1674927 0.1846878 0.1901280 0.1714177 0.1935548 0.1616171 0.1634348 0.1523938 0.1531004 0.1253116 0.1573051 0.1550410 0.1531030 0.3149845 0.1948938 0.1948938 0.1805042 0.1882079 0.2331036 0.2033079 0.2331036 0.1793058 0.1946358 0.2490812 0.2329255 0.1849820 0.2271313 0.2473653 0.1882903 0.2039247 0.2071607 0.2644154 0.2542003 0.2341119 0.2431740 0.2638375 0.3104890 0.3062124 0.2673472 0.2481167 0.2259335 0.2221547 0.2249461 0.1782414 0.1701484 0.1993331 0.1993331 0.2155616 0.2143869 0.1993331 0.1993331 0.2973806 0.2677098 0.2830800 0.3127395 0.2889520 0.3074735 0.2611842 0.3256281 0.2516593 0.2237840 0.2495680 0.2852896 0.2231905 0.6645435 0.2706131 0.2748454 0.1898371 0.2070339 0.2568002 0.2041736 0.1825175 0.4277830 0.1408743 0.2218589 0.2745483 0.3218453 0.2412402 0.2289897 0.2368248 0.2494197 0.5033264 0.2475950 0.3655927 0.3743745 0.2215047 0.2649477 0.3162278 0.3176484 0.2815426 0.3225251 0.2911750 0.2215047 0.3414764 0.2507119 0.2434760 0.3381717 0.2807736 0.2475003 0.3497193 0.3082587 0.2951112 0.2589704 0.3770050 
ASV23814.19              0.2871812 0.5531814 0.5511059 0.5000951 0.4938928 0.3085785 0.3210289 0.3442336 0.0000000 0.0477183 0.1076655 0.1586335 0.1202986 0.1394470 0.1234044 0.1820059 0.2109268 0.1992881 0.1858237 0.1685371 0.1971419 0.2615483 0.2696937 0.1550695 0.1605314 0.1610637 0.1648837 0.1809728 0.1414385 0.1697841 0.1509115 0.1509115 0.1470179 0.1781685 0.2093148 0.1558700 0.1758852 0.1350220 0.1386395 0.1403231 0.1403231 0.1270293 0.1386395 0.1386395 0.1386395 0.1386395 0.1371192 0.1371192 0.1386395 0.1787527 0.1861777 0.1717824 0.1717824 0.1738207 0.1738207 0.1758867 0.1738207 0.2745711 0.2174505 0.2174505 0.1888362 0.1698029 0.1787527 0.1787527 0.1801412 0.1931978 0.1822289 0.1924979 0.1891217 0.1927123 0.1927123 0.2018914 0.2225315 0.2199629 0.2066258 0.2066258 0.2055689 0.1912671 0.1891217 0.2099889 0.2226218 0.2142066 0.2419898 0.2220777 0.1982471 0.2391293 0.1635796 0.1511410 0.1819939 0.1678577 0.1678593 0.1447092 0.1552427 0.1533141 0.2184112 0.1807504 0.2057944 0.1915293 0.1871044 0.1681464 0.1531651 0.1649537 0.1509766 0.1652147 0.1941942 0.2090312 0.1556660 0.2223976 0.2526965 0.1910984 0.2558895 0.2698527 0.2845124 0.2832136 0.2843442 0.2511514 0.2377050 0.2604925 0.2571849 0.2173778 0.2344108 0.2519293 0.2749252 0.2783445 0.2467731 0.2352988 0.1786261 0.1786261 0.1806756 0.1950031 0.1786261 0.1786261 0.2835512 0.2546859 0.2718475 0.2766459 0.2390128 0.3347963 0.2687439 0.4518610 0.4146273 0.2174339 0.1999388 0.2400527 0.2226281 0.4660734 0.3290286 0.4472551 0.2262752 0.1852074 0.2943102 0.2657085 0.2340297 0.3859191 0.1665027 0.2165208 0.2678523 0.2767835 0.2659217 0.2454004 0.2160294 0.2462199 0.7967339 0.2411333 0.3851178 0.3509083 0.2370822 0.3290544 0.2215596 0.3664410 0.2381615 0.3081273 0.2892803 0.2370822 0.4074216 0.2106886 0.2480609 0.3181701 0.2721748 0.2634704 0.5204766 0.3886602 0.4154386 0.2509394 0.4468666 
ASV10459.48              0.2961891 0.4988277 0.4840997 0.4143122 0.4092529 0.2854648 0.2979120 0.2778567 0.0477183 0.0000000 0.0801985 0.1414025 0.0925017 0.1009491 0.1161504 0.1834797 0.2111624 0.1770554 0.1567233 0.1655815 0.1938934 0.2452056 0.2526677 0.1931451 0.2004477 0.2012117 0.2127031 0.2598305 0.2096170 0.2415544 0.2247089 0.2247089 0.2096170 0.2559374 0.3124034 0.2490991 0.2358465 0.1806964 0.1950955 0.2101178 0.2101178 0.1950955 0.1950955 0.1950955 0.1950955 0.1950955 0.2084891 0.2084891 0.1950955 0.2835522 0.2477634 0.2318567 0.2318567 0.2512751 0.2512751 0.2544333 0.2512751 0.3888197 0.3134479 0.3134479 0.2801566 0.2755534 0.2835522 0.2835522 0.2726326 0.2840352 0.2760351 0.2562031 0.2375590 0.2421320 0.2421320 0.2543486 0.2908239 0.2837359 0.2690679 0.2690679 0.2501479 0.2347713 0.2375590 0.2750900 0.2887053 0.2625379 0.2808419 0.2589053 0.2307507 0.2888065 0.2173648 0.2040884 0.2415722 0.2096368 0.2260015 0.2014099 0.2124497 0.2096368 0.2768337 0.1822565 0.2119917 0.1970685 0.1788208 0.1748127 0.1619064 0.1743833 0.2004685 0.2169120 0.2502343 0.2502343 0.2070117 0.2294751 0.2613932 0.2356686 0.2705662 0.2873584 0.3016656 0.2877550 0.3046618 0.2746055 0.2606321 0.3060594 0.3019335 0.2044639 0.2213017 0.2701178 0.2896221 0.2934086 0.2598552 0.2478409 0.2121567 0.2121567 0.2314525 0.2301382 0.2121567 0.2121567 0.3489120 0.3013546 0.3402829 0.3470776 0.3020291 0.3627361 0.2961382 0.4657688 0.4507047 0.3311987 0.2718118 0.3112438 0.3370926 0.5144522 0.4049187 0.4687074 0.3525569 0.2203715 0.3973991 0.4424911 0.2963683 0.3652671 0.2535236 0.2245565 0.2738248 0.3501537 0.4303349 0.3690054 0.2538017 0.2793262 0.8397937 0.3348012 0.4096536 0.3963700 0.3820842 0.5168538 0.2406014 0.4026194 0.3201702 0.4125824 0.3637592 0.3820842 0.5000656 0.2856482 0.3442427 0.3595714 0.2846072 0.3596532 0.6179316 0.4268239 0.4357729 0.3693691 0.4725603 
ASV12115.123             0.2734592 0.5386987 0.4876169 0.4193198 0.4143305 0.3546611 0.3485781 0.3263227 0.1076655 0.0801985 0.0000000 0.0422217 0.0238119 0.0237679 0.0240268 0.1851009 0.2547354 0.1349093 0.1232151 0.1352605 0.1636233 0.2424706 0.2281502 0.1675449 0.1734653 0.2040940 0.2198793 0.2042286 0.1234604 0.1500529 0.1742250 0.1742250 0.1606936 0.2021984 0.2511252 0.1799517 0.1996928 0.1348149 0.1477616 0.1495405 0.1495405 0.1362788 0.1477616 0.1477616 0.1477616 0.1477616 0.1599579 0.1599579 0.1477616 0.1750625 0.1954189 0.1810632 0.1810632 0.1831861 0.1831861 0.1853375 0.1831861 0.3032883 0.2131435 0.2131435 0.1850328 0.1790785 0.1750625 0.1750625 0.2204788 0.2341999 0.2230947 0.2024544 0.2040154 0.2078959 0.2078959 0.2016222 0.2166957 0.2194278 0.2219999 0.2219999 0.2208138 0.2060522 0.2040154 0.2246551 0.2374447 0.2291850 0.2574746 0.2603644 0.2350089 0.2544060 0.2023081 0.1902401 0.1911542 0.1921321 0.2077704 0.1687402 0.1645170 0.1624893 0.3099487 0.1643662 0.1920093 0.1779654 0.1684691 0.1648941 0.1501215 0.1617839 0.1880619 0.2032046 0.2396566 0.2557678 0.1938459 0.1936952 0.2380135 0.1931598 0.2168849 0.2150899 0.2422684 0.2225341 0.3017169 0.2973691 0.2831555 0.2792139 0.2756066 0.2242201 0.2418702 0.2901332 0.2701629 0.2890153 0.2562435 0.2594968 0.1696901 0.1696901 0.1696901 0.1696901 0.1696901 0.1696901 0.3162397 0.2898357 0.3031904 0.3089680 0.2672828 0.3087855 0.2432726 0.3932361 0.4379171 0.2521821 0.2109685 0.2365461 0.2584042 0.5302377 0.3209104 0.4940706 0.2034976 0.1760479 0.3070306 0.2584170 0.2252689 0.3311881 0.1805714 0.1999819 0.2422988 0.3594362 0.3059190 0.2924223 0.2071469 0.3300746 0.6784597 0.2820529 0.3620549 0.4320345 0.2772137 0.3208510 0.2163276 0.3962656 0.2955351 0.3452731 0.3154481 0.2772137 0.4675892 0.2647276 0.2900652 0.3935379 0.2534371 0.2521821 0.4855325 0.4375460 0.4118812 0.2864649 0.4252674 
ASV7970.12               0.2669357 0.5589163 0.5310262 0.4802560 0.4742174 0.4054419 0.3984334 0.4171155 0.1586335 0.1414025 0.0422217 0.0000000 0.0243215 0.0324659 0.0333975 0.2325232 0.2674978 0.1951255 0.1813527 0.1692189 0.1979483 0.2916032 0.2784555 0.2070541 0.2148933 0.2492619 0.2579995 0.2680018 0.1556887 0.1849591 0.1950910 0.1950910 0.1807225 0.2119611 0.2644106 0.1887470 0.2219999 0.1677678 0.1819041 0.1842535 0.1842535 0.1696949 0.1819041 0.1819041 0.1819041 0.1819041 0.1798238 0.1798238 0.1819041 0.1938454 0.2050566 0.1707976 0.1707976 0.1670483 0.1670483 0.1689734 0.1670483 0.2817280 0.1943072 0.1943072 0.1675242 0.1813939 0.1938454 0.1938454 0.2233310 0.2372271 0.2260107 0.2050136 0.2066003 0.2105626 0.2105626 0.2042935 0.2357611 0.2387882 0.2416624 0.2416624 0.2236518 0.2086974 0.2066003 0.2686909 0.3071298 0.2743632 0.3033468 0.3073235 0.2798142 0.3272725 0.2051741 0.1930073 0.1750635 0.1759130 0.1909083 0.1530915 0.1492495 0.1474566 0.3019997 0.1489850 0.1757418 0.1621868 0.1671185 0.1494810 0.1513536 0.1630768 0.1720950 0.1866042 0.2377495 0.2537314 0.1773219 0.1912154 0.2198818 0.2305970 0.2517575 0.2315549 0.2360110 0.2396912 0.2997970 0.2955266 0.2814564 0.2775658 0.2740150 0.2587943 0.2776956 0.3088550 0.2932269 0.2969144 0.2645132 0.2711851 0.2052014 0.2052014 0.2077000 0.2232727 0.2052014 0.2052014 0.3477526 0.3239158 0.3335575 0.3400689 0.2962361 0.3764833 0.3025218 0.4425331 0.4466275 0.2881861 0.2139122 0.2367826 0.2630422 0.6471913 0.4032513 0.5279592 0.2202265 0.2132644 0.3926040 0.2908136 0.2233038 0.3975864 0.2084430 0.1804237 0.2171851 0.3941671 0.3117509 0.2586426 0.2469326 0.3848601 0.7774576 0.2679589 0.3302302 0.4264597 0.2824195 0.3769853 0.2185323 0.3915574 0.2685088 0.4382552 0.3212921 0.2824195 0.5287392 0.2398429 0.2758399 0.3889389 0.2301217 0.3849904 0.4932754 0.4695809 0.4152349 0.3644356 0.4099061 
ASV27726.7               0.2527294 0.4288246 0.3847233 0.3453459 0.3414890 0.3351106 0.3293836 0.3454993 0.1202986 0.0925017 0.0238119 0.0243215 0.0000000 0.0075982 0.0157004 0.1843471 0.2663537 0.1578010 0.1488591 0.1526148 0.1804572 0.2464772 0.2366885 0.1815845 0.1880554 0.2194439 0.2320871 0.2408277 0.1348037 0.1617173 0.1714973 0.1714973 0.1582210 0.1989224 0.2465643 0.1770398 0.1964867 0.1461641 0.1592332 0.1611557 0.1611557 0.1477485 0.1592332 0.1592332 0.1592332 0.1592332 0.1575121 0.1575121 0.1592332 0.1704220 0.1641960 0.1507318 0.1507318 0.1662491 0.1662491 0.1681530 0.1662491 0.2838561 0.1954683 0.1954683 0.1684617 0.1761880 0.1704220 0.1704220 0.2167508 0.2301857 0.2192749 0.1991739 0.2006948 0.2044564 0.2044564 0.1982036 0.2288354 0.2316985 0.2344072 0.2344072 0.2171029 0.2026482 0.2006948 0.2603495 0.2736419 0.2656958 0.2702371 0.2733482 0.2479119 0.2918913 0.2051741 0.1930073 0.1742250 0.1750635 0.1899430 0.1523868 0.1485809 0.1468067 0.3019997 0.1498063 0.1767780 0.1631104 0.1681108 0.1503070 0.1384918 0.1500782 0.1730898 0.1877282 0.2393832 0.2555234 0.1783838 0.1923955 0.2213234 0.1947286 0.2316801 0.2124143 0.2391038 0.2196694 0.2781755 0.2743346 0.2604893 0.2568106 0.2535852 0.2388465 0.2569259 0.2862676 0.2729970 0.2763671 0.2450742 0.2511448 0.1876844 0.1876844 0.1876844 0.2025386 0.1876844 0.1876844 0.2936142 0.2760347 0.3030715 0.3086323 0.2684584 0.3232481 0.2574245 0.3932847 0.4099413 0.2462732 0.2071695 0.2298147 0.2521712 0.5525940 0.3377424 0.4835410 0.2114508 0.1949041 0.3362877 0.2481986 0.2215789 0.3286245 0.2122533 0.1816996 0.2191456 0.3087412 0.2977159 0.2609126 0.2273571 0.3006376 0.6787406 0.2295294 0.3337448 0.3889948 0.2700934 0.3430779 0.1988190 0.3559184 0.2710589 0.3721440 0.3071410 0.2700934 0.3863813 0.2419730 0.2359778 0.3537654 0.2320461 0.3298325 0.4544505 0.4285077 0.3756696 0.3136118 0.3863466 
ASV4575.23               0.2869591 0.4960057 0.4702533 0.4200924 0.4151878 0.4031994 0.3962173 0.3931005 0.1394470 0.1009491 0.0237679 0.0324659 0.0075982 0.0000000 0.0237591 0.1939398 0.2735968 0.1807291 0.1680470 0.1739103 0.2016176 0.2749015 0.2624131 0.1961858 0.2032512 0.2355095 0.2446593 0.2229530 0.1479042 0.1755342 0.1873627 0.1873627 0.1736054 0.2157871 0.2663435 0.1935371 0.2131617 0.1594096 0.1727850 0.1749048 0.1749048 0.1611557 0.1727850 0.1727850 0.1727850 0.1727850 0.1727850 0.1727850 0.1727850 0.1861942 0.1801838 0.1662328 0.1662328 0.1824983 0.1824983 0.1846319 0.1824983 0.3055644 0.2120300 0.2120300 0.1840356 0.1926324 0.1861942 0.1861942 0.2346658 0.2485736 0.2374621 0.2160458 0.2176631 0.2217666 0.2217666 0.2158486 0.2469900 0.2501232 0.2531112 0.2531112 0.2349041 0.2199111 0.2176631 0.2769706 0.2904636 0.2826897 0.2869343 0.2903975 0.2644469 0.3092846 0.2227386 0.2102774 0.1904386 0.1914070 0.2069555 0.1681257 0.1639323 0.1619209 0.3246495 0.1652830 0.1931483 0.1789875 0.1825075 0.1658159 0.1536205 0.1654743 0.1891570 0.2044353 0.2586428 0.2754700 0.1950147 0.2095073 0.2395744 0.2278209 0.2455739 0.2287751 0.2534200 0.2336926 0.2963021 0.2921190 0.2781454 0.2743046 0.2708216 0.2378029 0.2557581 0.3051637 0.2734883 0.2768745 0.2454809 0.2515784 0.2004137 0.2004137 0.2028063 0.2180137 0.2004137 0.2004137 0.3162531 0.2941984 0.3036379 0.3092270 0.2689069 0.3005699 0.2369241 0.4488793 0.4114775 0.2719865 0.2261049 0.2480239 0.2788069 0.5409397 0.3693123 0.5200252 0.2152207 0.2081278 0.3686400 0.2742805 0.2434318 0.3618954 0.2320982 0.2014169 0.2445241 0.3578873 0.3285639 0.2852539 0.2409692 0.3245079 0.7966244 0.2563677 0.3659036 0.4198051 0.2989293 0.3732508 0.2228436 0.3853102 0.2983614 0.4014233 0.3376669 0.2989293 0.4687940 0.2671057 0.2636291 0.3827842 0.2555778 0.3553328 0.4563125 0.4622167 0.4082271 0.3432647 0.4469829 
ASV16329.1               0.2804992 0.5127315 0.4634402 0.4183191 0.4133598 0.3929323 0.3860761 0.4044846 0.1234044 0.1161504 0.0240268 0.0333975 0.0157004 0.0237591 0.0000000 0.1890987 0.2824107 0.1657327 0.1528881 0.1663132 0.1963631 0.2680072 0.2527649 0.1874126 0.1942710 0.2267276 0.2421879 0.2485213 0.1405841 0.1687184 0.1787907 0.1787907 0.1649361 0.2074191 0.2578413 0.1847814 0.2048236 0.1523815 0.1660182 0.1681040 0.1681040 0.1540947 0.1660182 0.1660182 0.1660182 0.1660182 0.1641589 0.1641589 0.1660182 0.1796760 0.2006119 0.1859155 0.1859155 0.1881379 0.1881379 0.1903906 0.1881379 0.3112416 0.2185479 0.2185479 0.1897929 0.1838804 0.1796760 0.1796760 0.2262447 0.2402680 0.2289789 0.2076812 0.2092906 0.2133253 0.2133253 0.2070833 0.2222665 0.2251119 0.2277978 0.2277978 0.2265470 0.2114443 0.2092906 0.2721050 0.2859226 0.2778786 0.2823283 0.2857887 0.2592427 0.3051157 0.2295097 0.2167477 0.1961980 0.1972312 0.2132775 0.1733405 0.1689441 0.1668159 0.3182378 0.1687635 0.1970325 0.1826614 0.1885216 0.1693076 0.1541581 0.1660639 0.1929454 0.2084707 0.2459028 0.2623939 0.1989756 0.1988097 0.2441632 0.1985968 0.2413067 0.2211779 0.2689893 0.2479543 0.3099455 0.3053886 0.2909529 0.2868956 0.2831265 0.2674003 0.2870358 0.2982806 0.2870926 0.3064938 0.2729912 0.2764830 0.2117546 0.2117546 0.2117546 0.2117546 0.2117546 0.2117546 0.3337693 0.3065006 0.3200419 0.3262416 0.2832466 0.3393660 0.2703214 0.4406571 0.4684531 0.2609746 0.2169553 0.2426725 0.2675990 0.5928425 0.3471040 0.5126670 0.2241864 0.2203117 0.3579015 0.2676149 0.2583106 0.3404506 0.2478016 0.2061885 0.2510193 0.3788897 0.3171947 0.3035724 0.2551478 0.3700804 0.7814288 0.2925625 0.3744958 0.4482331 0.2874299 0.3695786 0.2240986 0.4113714 0.3055614 0.3658438 0.3266938 0.2874299 0.4967149 0.2736321 0.3009939 0.4084001 0.2616250 0.3224436 0.5176322 0.4543421 0.4284201 0.3327797 0.4398304 
ASV29004.1               0.3027861 0.5868870 0.5095766 0.5202425 0.5137067 0.3962890 0.4103677 0.3818779 0.1820059 0.1834797 0.1851009 0.2325232 0.1843471 0.1939398 0.1890987 0.0000000 0.2385062 0.1941693 0.1740234 0.1629391 0.2014458 0.2476701 0.2338469 0.2963520 0.3030733 0.2904173 0.3041588 0.3321074 0.3144125 0.3473354 0.2818467 0.2818467 0.2678057 0.2673899 0.3359734 0.2760685 0.3257170 0.2417488 0.2553410 0.3048815 0.3048815 0.2895542 0.3010454 0.3010454 0.3010454 0.2993448 0.2978384 0.2978384 0.3010454 0.3329346 0.3586955 0.3426546 0.3426546 0.3465881 0.3465881 0.3505534 0.3652136 0.4686797 0.3724919 0.3724919 0.3410966 0.3283941 0.3508000 0.3329346 0.2995473 0.3162630 0.3197669 0.3547595 0.3471257 0.3526391 0.3526391 0.3525705 0.3530663 0.3492476 0.3515659 0.3355914 0.3647113 0.3487513 0.3471257 0.3654012 0.3952068 0.3912095 0.3962362 0.3989814 0.3403864 0.3962362 0.3735442 0.3587723 0.3913273 0.3373173 0.3027978 0.3129607 0.3239266 0.3197468 0.4501873 0.3298720 0.3460282 0.3305985 0.3578613 0.3836728 0.3232355 0.3531652 0.3349225 0.3700300 0.4374730 0.4374730 0.3572734 0.4085689 0.4494467 0.2360355 0.2521553 0.2683639 0.3834960 0.3828127 0.3181331 0.3495234 0.3370943 0.3299928 0.3299928 0.3114474 0.3292247 0.2431008 0.2481311 0.2506942 0.2249685 0.2285012 0.1892816 0.1892816 0.1779483 0.1903598 0.1892816 0.1892816 0.3182448 0.2859941 0.3367212 0.3659599 0.3280076 0.3740556 0.2627983 0.5933106 0.3625668 0.4547992 0.3380687 0.3705288 0.5022650 0.5643219 0.3958571 0.3844526 0.4593215 0.1974525 0.5740174 0.4950109 0.4671784 0.3205346 0.4041436 0.4351468 0.4854170 0.3692057 0.5241203 0.5150898 0.2226904 0.4496897 0.9712870 0.4751188 0.6985493 0.4351474 0.4456588 0.5141426 0.5044798 0.4135053 0.5450763 0.5640591 0.5312701 0.4456588 0.4380563 0.4763148 0.4980179 0.4047442 0.5174660 0.4996577 0.4478513 0.3573121 0.3822136 0.4793917 0.4647961 
ASV25696.0               0.3773092 0.7384678 0.7471135 0.7130409 0.7029544 0.3901136 0.4134818 0.4311846 0.2109268 0.2111624 0.2547354 0.2674978 0.2663537 0.2735968 0.2824107 0.2385062 0.0000000 0.2034326 0.1823069 0.2371688 0.2588622 0.2765093 0.2921684 0.3379302 0.3528405 0.3547639 0.3470881 0.3081511 0.2751513 0.3128865 0.3087639 0.3087639 0.2909010 0.3313758 0.4100935 0.3453300 0.3208773 0.3151760 0.3339391 0.3154878 0.3154878 0.2965732 0.2926900 0.2926900 0.2926900 0.2926900 0.2889198 0.2889198 0.2926900 0.3636824 0.3212994 0.2968307 0.2968307 0.2909000 0.2909000 0.2752360 0.2909000 0.4542541 0.3865259 0.3865259 0.3607045 0.3274628 0.3636824 0.3636824 0.2838719 0.2956923 0.2875560 0.3249268 0.3029021 0.3207303 0.3207303 0.3170206 0.3348891 0.3263710 0.3106170 0.3106170 0.3166120 0.3106170 0.3146071 0.3183706 0.3619077 0.2966054 0.3543582 0.3345492 0.2864373 0.3620351 0.2303215 0.2162867 0.2869728 0.2336173 0.2336114 0.2430082 0.2549691 0.2513144 0.3362936 0.3141925 0.3521723 0.3333079 0.2956100 0.3300188 0.2761653 0.3110584 0.2962229 0.3166371 0.3022299 0.3022299 0.3063236 0.3661829 0.3611095 0.3748440 0.3419675 0.3372433 0.3822798 0.5077485 0.3432029 0.3860530 0.3708124 0.3684731 0.3631511 0.3770441 0.4019807 0.2715111 0.4139358 0.4199012 0.3792306 0.3663379 0.2644761 0.2644761 0.2864573 0.2845994 0.2644761 0.2644761 0.4590026 0.3918899 0.4506579 0.4486276 0.3946695 0.3361512 0.3249001 0.4127215 0.7033110 0.4829753 0.3647664 0.3899916 0.4225217 0.7439548 0.7035166 0.5192076 0.3888756 0.2752373 0.5315945 0.6090668 0.3110188 0.4072753 0.4289456 0.4022151 0.5104717 0.4456503 0.4986434 0.4062086 0.3038050 0.5790736 0.6860959 0.4177762 0.6014805 0.6564037 0.4594092 0.6880741 0.4813607 0.4675102 0.4932424 0.7667933 0.5071721 0.4594092 0.7367088 0.4446726 0.4666902 0.6012758 0.4874838 0.4829753 0.7928785 0.4918533 0.5637228 0.5295468 0.6263869 
ASV8509.6                0.2234278 0.5059751 0.5010082 0.4640212 0.4583804 0.2658982 0.2510173 0.2513289 0.1992881 0.1770554 0.1349093 0.1951255 0.1578010 0.1807291 0.1657327 0.1941693 0.2034326 0.0000000 0.0235623 0.1417751 0.1354944 0.0985782 0.0789309 0.1465103 0.1517929 0.1822807 0.1945814 0.2299831 0.1124598 0.1386155 0.1386188 0.1386188 0.1520513 0.1384897 0.1942939 0.1432298 0.1778414 0.1474552 0.1344295 0.1396909 0.1396909 0.1264809 0.1251020 0.1251020 0.1251020 0.1251020 0.1251020 0.1251020 0.1251020 0.1496175 0.1413056 0.1149757 0.1149757 0.1162788 0.1162788 0.1176016 0.1162788 0.2857682 0.2006294 0.2006294 0.1730317 0.1272898 0.1496175 0.1496175 0.1435450 0.1545035 0.1452055 0.1441748 0.1514602 0.1516996 0.1516996 0.1441577 0.1548198 0.1676243 0.1676243 0.1676243 0.1839209 0.1695705 0.1384063 0.2026576 0.2293582 0.1912937 0.2375228 0.2446240 0.2403425 0.2294377 0.1545682 0.1563438 0.1597635 0.1314089 0.1457285 0.1498603 0.1476099 0.1457285 0.2788950 0.1234974 0.1628419 0.1495423 0.2000034 0.1937836 0.1751617 0.1899323 0.1669732 0.1818886 0.2344687 0.2344687 0.1722412 0.1778907 0.2059321 0.2013861 0.1760196 0.1778939 0.2517380 0.2519036 0.2215078 0.2536104 0.2399377 0.2511806 0.2479150 0.2236795 0.2413962 0.2046428 0.2091207 0.2115939 0.1831373 0.1720208 0.1935306 0.1935306 0.2114996 0.2103857 0.1935306 0.1935306 0.2480578 0.2528742 0.2696114 0.2843041 0.2345379 0.2574540 0.1707784 0.3061350 0.3014067 0.1960336 0.1593497 0.2216575 0.2339872 0.4939247 0.2989106 0.4168356 0.1436180 0.2007258 0.2688236 0.2186006 0.1495760 0.1050662 0.1571818 0.1650724 0.1777000 0.3025597 0.2396807 0.1923754 0.2122445 0.2955484 0.4999772 0.1891753 0.3072055 0.3540085 0.1861328 0.2404078 0.2654037 0.2928388 0.2854337 0.3131854 0.2591271 0.1861328 0.3597248 0.2545338 0.1946240 0.3205901 0.2124581 0.2359378 0.3702804 0.2658145 0.4030883 0.2286178 0.3381326 
ASV34591.11              0.2549961 0.5004128 0.4952663 0.4578139 0.4521404 0.2693925 0.2542761 0.2545867 0.1858237 0.1567233 0.1232151 0.1813527 0.1488591 0.1680470 0.1528881 0.1740234 0.1823069 0.0235623 0.0000000 0.1332035 0.1272601 0.0995731 0.0797010 0.1753330 0.1817850 0.2139814 0.2246081 0.2623700 0.1382930 0.1658184 0.1658202 0.1658202 0.1522183 0.1656416 0.2260080 0.1714299 0.2068750 0.1476098 0.1608053 0.1671061 0.1398352 0.1532289 0.1515247 0.1515247 0.1515247 0.1515247 0.1515247 0.1515247 0.1515247 0.1771310 0.1692125 0.1415922 0.1415922 0.1432321 0.1432321 0.1448960 0.1432321 0.3220082 0.2300192 0.2300192 0.2011253 0.1543720 0.1771310 0.1771310 0.1718603 0.1829529 0.1738911 0.1724340 0.1791179 0.1795653 0.1795653 0.1726176 0.1834437 0.1967728 0.1967728 0.1967728 0.2141769 0.1991063 0.1656371 0.2323450 0.2600817 0.2206992 0.2695310 0.2778490 0.2727998 0.2601707 0.1830217 0.1851698 0.1892838 0.1593655 0.1745548 0.1794309 0.1768828 0.1745548 0.3179646 0.1494888 0.1907127 0.1768079 0.2327174 0.2255307 0.2055811 0.2210795 0.1958136 0.2116311 0.2678616 0.2678616 0.2020159 0.2067343 0.2361764 0.2347088 0.2087021 0.2110966 0.2895820 0.2899770 0.2545532 0.2885476 0.2745821 0.2878100 0.2839790 0.2574476 0.2763972 0.2368242 0.2401400 0.2430459 0.2131817 0.2019150 0.1807936 0.1807936 0.1983267 0.1973101 0.1807936 0.1807936 0.2963073 0.2693654 0.3042843 0.3198731 0.2672655 0.2579454 0.2025692 0.2880320 0.3537610 0.2370774 0.1914741 0.2546165 0.2810042 0.5663089 0.3533614 0.4853041 0.1818533 0.1874939 0.3166675 0.2620555 0.1895125 0.1064602 0.1999666 0.1983467 0.2173501 0.3602563 0.2881049 0.2366187 0.1989526 0.3456909 0.4679962 0.2325602 0.3568579 0.4145845 0.2287067 0.2827395 0.3157712 0.3467941 0.3336878 0.3702919 0.3088535 0.2287067 0.4404486 0.2995088 0.2391985 0.3774743 0.2508912 0.2799786 0.4307430 0.3169463 0.4725670 0.2710162 0.3915044 
ASV13574.2               0.1827450 0.5096241 0.4565218 0.4451371 0.4396380 0.2859897 0.2699834 0.2495716 0.1685371 0.1655815 0.1352605 0.1692189 0.1526148 0.1739103 0.1663132 0.1629391 0.2371688 0.1417751 0.1332035 0.0000000 0.0076580 0.0605377 0.0505693 0.1236642 0.1278200 0.1554688 0.1594676 0.1441980 0.0736100 0.0853884 0.0850846 0.0850846 0.0968846 0.0850301 0.1307716 0.0880704 0.1199280 0.0734033 0.0621765 0.0860326 0.0860326 0.0743696 0.0850846 0.0850846 0.0850846 0.0850846 0.0850846 0.0850846 0.0850846 0.0999528 0.0885900 0.0766259 0.0766259 0.0774565 0.0774565 0.0783000 0.0898971 0.2108453 0.1352242 0.1352242 0.1101484 0.1014424 0.1128128 0.0999528 0.0878794 0.0982892 0.1004139 0.1125552 0.1080992 0.1101605 0.1101605 0.1023380 0.0990626 0.1105857 0.1105857 0.1105857 0.1378858 0.1249120 0.1101605 0.1433663 0.1676019 0.1202810 0.1580768 0.1760088 0.1476326 0.1547190 0.1121857 0.1134162 0.0887625 0.0890962 0.0767609 0.0887625 0.0776458 0.0767609 0.2410009 0.0964650 0.1332285 0.1207730 0.1422385 0.1433798 0.1273638 0.1405856 0.1123083 0.1255089 0.1562963 0.1705601 0.1279857 0.1211534 0.1461003 0.1440425 0.1515690 0.1568173 0.2424055 0.2187642 0.1576805 0.1871354 0.1742515 0.1796498 0.1486919 0.1450282 0.1450282 0.1411853 0.1131617 0.1264273 0.1016747 0.1134795 0.1856048 0.1856048 0.2028221 0.1876881 0.1856048 0.1856048 0.2102514 0.1796578 0.2194649 0.2096506 0.1882193 0.2647276 0.2332807 0.3041953 0.1643527 0.1340465 0.1100890 0.1407561 0.1232128 0.4198415 0.2142097 0.2996456 0.0871859 0.1945344 0.2168084 0.1435980 0.1225115 0.0686449 0.1080079 0.1301393 0.1363406 0.2537913 0.1508636 0.1297518 0.2226791 0.2394462 0.4671110 0.1277283 0.2110532 0.1955273 0.1257991 0.1675126 0.1863031 0.1708423 0.1788563 0.2687044 0.1846279 0.1257991 0.2924950 0.1548958 0.1314136 0.1746796 0.1541313 0.1500333 0.2130225 0.1736799 0.3289318 0.1638977 0.2742148 
ASV22170.4               0.1860993 0.5836062 0.5360952 0.4907001 0.4846826 0.2882008 0.2726892 0.2562955 0.1971419 0.1938934 0.1636233 0.1979483 0.1804572 0.2016176 0.1963631 0.2014458 0.2588622 0.1354944 0.1272601 0.0076580 0.0000000 0.0580605 0.0489349 0.1336357 0.1380687 0.1656635 0.1673205 0.1851985 0.0830190 0.0832491 0.1064137 0.1064137 0.1184286 0.1063363 0.1541427 0.1101378 0.1288313 0.1034263 0.0920069 0.0954354 0.0954354 0.0838606 0.0943991 0.0943991 0.0943991 0.0943991 0.0943991 0.0943991 0.0943991 0.1065631 0.0963107 0.0846391 0.0846391 0.0855262 0.0855262 0.0864264 0.0976917 0.2355654 0.1529290 0.1529290 0.1282513 0.1080914 0.1190003 0.1065631 0.1098976 0.1201590 0.1110729 0.1218477 0.1291780 0.1292731 0.1292731 0.1222162 0.1316849 0.1433930 0.1433930 0.1433930 0.1443257 0.1316849 0.1171766 0.1644922 0.1886818 0.1414641 0.1795103 0.1842866 0.1692958 0.1757546 0.1214894 0.1227936 0.1109822 0.1114219 0.0987752 0.1109822 0.0999160 0.0987752 0.2636575 0.1144756 0.1507231 0.1384704 0.1813618 0.1761031 0.1594899 0.1728406 0.1437837 0.1572916 0.2044107 0.2193173 0.1480780 0.1644619 0.1639932 0.1579035 0.1637608 0.1653560 0.2707948 0.2319418 0.1678892 0.2107466 0.1979715 0.2065692 0.1724065 0.1682261 0.1682261 0.1530327 0.1582965 0.1600251 0.1348150 0.1353901 0.2120644 0.2120644 0.2301556 0.2289322 0.2120644 0.2120644 0.2224387 0.1915127 0.2320876 0.2224751 0.1962033 0.2720593 0.2349252 0.3142170 0.1957044 0.1457614 0.1334098 0.1784996 0.1563321 0.4224710 0.2245255 0.3728280 0.0998243 0.2223193 0.2270766 0.1504749 0.1388853 0.0649755 0.1080079 0.1507084 0.1598847 0.2672687 0.1595540 0.1390987 0.2474840 0.2483569 0.4766188 0.1370258 0.2341681 0.2509575 0.1350473 0.1728123 0.2317110 0.2278287 0.2226923 0.2822840 0.1918794 0.1350473 0.3095648 0.1973642 0.1407570 0.2253376 0.1924834 0.1798125 0.2464423 0.2052288 0.4053022 0.1747901 0.2730104 
