162
ASV980.252   0.0000000 0.5434177 0.6100920 0.6464821 0.6464821 0.4538956 0.4645597 0.3919219 0.3733758 0.4283144 0.3571150 0.3333399 0.3369890 0.3424334 0.3514042 0.3678911 0.4198563 0.3073472 0.3232626 0.3169677 0.2944096 0.3664920 0.3172683 0.5156944 0.5132479 0.5244637 0.4403631 0.3231088 0.3584105 0.3959232 0.3478527 0.3483025 0.3664698 0.3134782 0.4213426 0.3070059 0.3810598 0.3631842 0.3447292 0.3645085 0.3645085 0.3460371 0.3145854 0.3317127 0.3146340 0.3146340 0.3405592 0.3146340 0.3146340 0.3279713 0.4032444 0.3686204 0.3686204 0.2677703 0.3140010 0.3140010 0.3140010 0.3634922 0.3193249 0.3012884 0.3201715 0.3182746 0.3279713 0.3352060 0.3104249 0.3287171 0.3142584 0.3403853 0.3624059 0.3813122 0.3813122 0.3761739 0.4020337 0.4076989 0.4132540 0.4076989 0.3537018 0.3732481 0.3732481 0.2976562 0.3421902 0.3304643 0.3081126 0.3056247 0.3352618 0.3081126 0.2649459 0.2649459 0.2492303 0.2709259 0.2544372 0.2499647 0.2607048 0.2574498 0.2873666 0.3300080 0.3233465 0.3166300 0.2991287 0.3201206 0.3224429 0.3403265 0.3549211 0.3446703 0.3629550 0.3818825 0.3346898 0.3347256 0.3564917 0.2957347 0.2850229 0.2938097 0.3422597 0.2893059 0.3428972 0.3139140 0.3686452 0.3424730 0.3584647 0.3485919 0.3485919 0.2566113 0.2789639 0.2973034 0.3009233 0.3483557 0.3298920 0.3298920 0.3298920 0.3366805 0.3214786 0.2919715 0.3077226 0.2755006 0.2922208 0.8103229 0.5901726 0.6262386 0.7870335 0.3608853 0.3599912 0.8155911 0.8155911 0.6689760 0.7252167 0.5943361 0.5881911 0.0495669 1.0819498 0.7853431 1.0860016 0.6261683 1.0720183 0.3367222 0.3224998 0.3410569 0.7283420 0.6076711 0.5835882 0.7145251 1.2798565 1.5957588 
ASV16684.31  0.5434177 0.0000000 0.0305763 0.0388732 0.0388732 0.2219103 0.2196123 0.2030930 0.5102813 0.4900419 0.6012665 0.7248520 0.6007995 0.6423265 0.7210592 0.6228149 0.5862570 0.4845870 0.4694323 0.4279963 0.4339939 0.5015607 0.4552954 0.6123173 0.5703859 0.5432748 0.5627371 0.5387058 0.5167555 0.5673867 0.5035904 0.5035904 0.4805458 0.5062299 0.4381397 0.4813761 0.4642429 0.4761654 0.4990585 0.5274033 0.5274033 0.5026002 0.4632685 0.4854484 0.4854484 0.4791667 0.5250970 0.4854484 0.4854484 0.4938838 0.5010983 0.4282371 0.4282371 0.4351302 0.4351302 0.4351302 0.4351302 0.5784574 0.5273596 0.5000299 0.4962647 0.4718829 0.4938838 0.4938838 0.3448128 0.3601383 0.3696365 0.4223530 0.3704090 0.3899281 0.3899281 0.3492373 0.3657940 0.3810291 0.3863058 0.3810291 0.3545778 0.3516051 0.3814953 0.3859036 0.3938037 0.4368053 0.4748739 0.4603005 0.4568745 0.4748739 0.3628481 0.3628481 0.4132107 0.4016370 0.3917669 0.3917669 0.3979111 0.3917669 0.5582857 0.4953083 0.5162954 0.5043619 0.4836199 0.5520447 0.5244524 0.5495652 0.4854103 0.5001515 0.5657888 0.5397357 0.5268541 0.4801666 0.5362301 0.4421925 0.5041354 0.5104542 0.4793818 0.4675502 0.4809473 0.3977928 0.4304570 0.4684843 0.4441805 0.4083267 0.4083267 0.3950598 0.3682603 0.3682603 0.3162655 0.3084983 0.4471297 0.4471297 0.4471297 0.4471297 0.5411145 0.5920775 0.6121832 0.5536535 0.5686207 1.1943863 0.7271289 0.7641720 0.8769054 0.5347878 0.5051699 0.9563244 0.9752725 1.0919387 0.9990988 0.8270811 0.6028465 0.5500228 1.0461561 0.4619215 0.9728246 0.7752469 0.8966741 0.4979080 0.4411566 0.4692528 1.0249107 0.5457668 0.4342918 0.8753120 1.8909269 3.5209033 
ASV19239.37  0.6100920 0.0305763 0.0000000 0.0077207 0.0077207 0.2038402 0.1908071 0.2000941 0.5731581 0.5522536 0.6755101 0.8180524 0.6748838 0.7219966 0.8147561 0.7284969 0.6808086 0.5477568 0.5322794 0.4881264 0.5159830 0.5391887 0.4968156 0.6038146 0.5611358 0.5335447 0.5538731 0.5468618 0.4739270 0.5216296 0.5097275 0.5097275 0.4864675 0.5126233 0.4436769 0.4875013 0.4767718 0.4704833 0.4935650 0.5337976 0.5337976 0.5087245 0.4689114 0.4913040 0.4913040 0.4849144 0.5314750 0.4913040 0.4913040 0.4764908 0.4594899 0.3900745 0.3900745 0.3961162 0.3961162 0.3961162 0.3961162 0.5327552 0.5216465 0.4941286 0.4903800 0.4547766 0.4764908 0.4764908 0.3493587 0.3648380 0.3745329 0.4276993 0.3803767 0.3596583 0.3596583 0.2999955 0.3555660 0.3708582 0.3760473 0.3708582 0.3058477 0.3036180 0.3518167 0.3909354 0.3988206 0.4424909 0.4809105 0.4661143 0.4627191 0.4809105 0.3676074 0.3676074 0.4412452 0.4069981 0.3969262 0.3969262 0.4032164 0.3969262 0.5656608 0.4896627 0.5228414 0.4986998 0.5081693 0.5465760 0.5187978 0.5441026 0.5041844 0.5199844 0.5887867 0.5616643 0.5403543 0.4990221 0.5575890 0.4261036 0.5352851 0.5182675 0.4866448 0.4744180 0.4273698 0.3818270 0.4136186 0.4037508 0.3816149 0.3759597 0.3759597 0.3797486 0.3732908 0.3732908 0.3204932 0.3126887 0.5242112 0.5242112 0.5242112 0.5242112 0.5581444 0.6132332 0.6954296 0.6285167 0.6430805 1.0718093 0.7674690 0.8389301 0.7628056 0.5540121 0.5348920 0.8339460 0.8495984 1.0391425 1.1409089 0.9288761 0.6090001 0.5548137 1.0287714 0.4771118 1.1064462 0.8047557 0.8313474 0.5175010 0.5167195 0.4875563 0.9751971 0.5389486 0.4539008 0.8720791 1.8719275 3.7064356 
ASV6864.118  0.6464821 0.0388732 0.0077207 0.0000000 0.0000010 0.1894051 0.1767630 0.1614978 0.5148674 0.5200046 0.6091811 0.7033882 0.5802916 0.6421660 0.6993640 0.6603758 0.6152881 0.5500562 0.5344771 0.4748949 0.5109606 0.5306728 0.5054813 0.5366338 0.4971855 0.4716723 0.4938517 0.5211865 0.4409986 0.4874924 0.5003307 0.5003307 0.4768870 0.5028931 0.4337218 0.4776097 0.4441661 0.4263647 0.4482799 0.4996167 0.4996167 0.4753322 0.4370049 0.4588989 0.4588989 0.4529194 0.4973192 0.4588989 0.4588989 0.4410700 0.4611996 0.3895051 0.3895051 0.3957378 0.3957378 0.3957378 0.3957378 0.5370979 0.4464059 0.4215979 0.4187449 0.4199301 0.4410700 0.4410700 0.3387501 0.3543684 0.3590884 0.3960139 0.3423109 0.3500859 0.3500859 0.2897326 0.3539385 0.3697117 0.3750528 0.3697117 0.3026526 0.3003951 0.3500859 0.3513806 0.3596956 0.3998444 0.4368053 0.4331462 0.4194921 0.4368053 0.3368711 0.3368711 0.4082503 0.3963812 0.3864290 0.3864290 0.3926031 0.3864290 0.5139191 0.4208936 0.4504482 0.4281649 0.4815655 0.4959303 0.4697729 0.4938034 0.4184351 0.4472933 0.5087454 0.4839105 0.4645773 0.4285323 0.4815258 0.3933319 0.5008700 0.4659250 0.4516329 0.4416432 0.4225321 0.3761747 0.4084045 0.3984268 0.3759162 0.3441684 0.3441684 0.3693642 0.3633658 0.3633658 0.3105074 0.3169828 0.4755082 0.4755082 0.4755082 0.4755082 0.4623304 0.5036731 0.5734450 0.5674864 0.5325343 1.0287712 0.7413126 0.8307996 0.8809397 0.4456421 0.5253020 0.8041476 0.8188046 1.0544971 1.0253838 0.9435847 0.5907139 0.5883229 0.9427496 0.4504847 1.0189004 0.7969310 0.7661309 0.4454891 0.4688179 0.4184351 0.9900243 0.4605280 0.4417809 0.8637747 1.8828821 3.3084399 
ASV10026.40  0.6464821 0.0388732 0.0077207 0.0000010 0.0000000 0.1894051 0.1767630 0.1614978 0.5148674 0.5200046 0.6091811 0.7033882 0.5802916 0.6421660 0.6993640 0.6603758 0.6152881 0.5500562 0.5344771 0.4748949 0.5109606 0.5306728 0.5054813 0.5366338 0.4971855 0.4716723 0.4938517 0.5211865 0.4409986 0.4874924 0.5003307 0.5003307 0.4768870 0.5028931 0.4337218 0.4776097 0.4441661 0.4263647 0.4482799 0.4996167 0.4996167 0.4753322 0.4370049 0.4588989 0.4588989 0.4529194 0.4973192 0.4588989 0.4588989 0.4410700 0.4611996 0.3895051 0.3895051 0.3957378 0.3957378 0.3957378 0.3957378 0.5370979 0.4464059 0.4215979 0.4187449 0.4199301 0.4410700 0.4410700 0.3387501 0.3543684 0.3590884 0.3960139 0.3423109 0.3500859 0.3500859 0.2897326 0.3539385 0.3697117 0.3750528 0.3697117 0.3026526 0.3003951 0.3500859 0.3513806 0.3596956 0.3998444 0.4368053 0.4331462 0.4194921 0.4368053 0.3368711 0.3368711 0.4082503 0.3963812 0.3864290 0.3864290 0.3926031 0.3864290 0.5139191 0.4208936 0.4504482 0.4281649 0.4815655 0.4959303 0.4697729 0.4938034 0.4184351 0.4472933 0.5087454 0.4839105 0.4645773 0.4285323 0.4815258 0.3933319 0.5008700 0.4659250 0.4516329 0.4416432 0.4225321 0.3761747 0.4084045 0.3984268 0.3759162 0.3441684 0.3441684 0.3693642 0.3633658 0.3633658 0.3105074 0.3169828 0.4755082 0.4755082 0.4755082 0.4755082 0.4623304 0.5036731 0.5734450 0.5674864 0.5325343 1.0287712 0.7413126 0.8307996 0.8809397 0.4456421 0.5253020 0.8041476 0.8188046 1.0544971 1.0253838 0.9435847 0.5907139 0.5883229 0.9427496 0.4504847 1.0189004 0.7969310 0.7661309 0.4454891 0.4688179 0.4184351 0.9900243 0.4605280 0.4417809 0.8637747 1.8828821 3.3084399 
ASV3442.247  0.4538956 0.2219103 0.2038402 0.1894051 0.1894051 0.0000000 0.0077233 0.0751137 0.3775616 0.3662703 0.4623570 0.6190329 0.4621267 0.5029054 0.5552912 0.4681276 0.4294019 0.3946385 0.3803098 0.3111413 0.3576960 0.3518042 0.3744809 0.3895067 0.3889207 0.3787825 0.4155279 0.4231657 0.2885449 0.3239618 0.3274024 0.3274024 0.3461518 0.2864718 0.3636083 0.3047918 0.3204920 0.3060063 0.2885449 0.3454994 0.3454994 0.3267951 0.3165657 0.3345993 0.3345993 0.3306105 0.3632053 0.3345993 0.3345993 0.2746249 0.3454845 0.2961152 0.2961152 0.3002633 0.3002633 0.3002633 0.3002633 0.3837334 0.3417896 0.3210754 0.3194153 0.2581032 0.2746249 0.2746249 0.2710880 0.2677649 0.2744899 0.3175570 0.3006697 0.3073806 0.3073806 0.2674899 0.3038390 0.3184748 0.3228842 0.3184748 0.2920745 0.2900222 0.3006697 0.2565291 0.3009786 0.2969237 0.3296457 0.3386183 0.3145557 0.3296457 0.2941663 0.2941663 0.2753724 0.2934827 0.2753696 0.2753696 0.2791181 0.2753696 0.4337457 0.3730051 0.3581662 0.3581662 0.3279186 0.3254222 0.3059950 0.3244417 0.3175493 0.2996650 0.3095811 0.2910070 0.2848083 0.3794932 0.4207280 0.2980229 0.4933303 0.4996260 0.4357509 0.4159897 0.3848728 0.3298381 0.3596852 0.3507564 0.3292738 0.3198177 0.3198177 0.2646167 0.3262389 0.3262389 0.2743032 0.2656854 0.3653203 0.3653203 0.3653203 0.3653203 0.3927396 0.3676844 0.4080397 0.4182002 0.4434402 0.7619062 0.5779760 0.7463822 0.8052813 0.3878046 0.4149846 0.6912201 0.6912201 0.7276179 1.0771367 0.7525413 0.4957533 0.4578343 0.9070235 0.4971376 0.9466430 0.7277259 0.8651663 0.2745793 0.3606372 0.3032210 0.7504387 0.4199663 0.3751996 0.8175127 2.0716066 1.9194368 
ASV4176.193  0.4645597 0.2196123 0.1908071 0.1767630 0.1767630 0.0077233 0.0000000 0.0654643 0.3679784 0.3565606 0.4501565 0.6016033 0.4499478 0.4894051 0.5398088 0.4789955 0.4476458 0.3748812 0.3606462 0.2926004 0.3384039 0.3431305 0.3651499 0.3933430 0.3928711 0.3825556 0.4195972 0.4214050 0.2679581 0.3019622 0.3051041 0.3051041 0.3230452 0.2651304 0.3381629 0.2826642 0.2986479 0.2846847 0.2679581 0.3224513 0.3224513 0.3045533 0.2951072 0.3124395 0.3124395 0.3087842 0.3393800 0.3124395 0.3124395 0.2534920 0.3208265 0.2739397 0.2739397 0.2776402 0.2776402 0.2776402 0.2776402 0.3877969 0.3170384 0.2972952 0.2958918 0.2375904 0.2534920 0.2534920 0.2502381 0.2472318 0.2533134 0.3073109 0.2790908 0.2852412 0.2852412 0.2462656 0.3000323 0.3145184 0.3188386 0.3145184 0.2702497 0.2685271 0.2790908 0.2361371 0.2791948 0.2745488 0.3061393 0.3226561 0.2915831 0.3061393 0.2900789 0.2900789 0.3081975 0.2714562 0.2541235 0.2541235 0.2574577 0.2541235 0.4267386 0.3476590 0.3331611 0.3331611 0.3089894 0.3023417 0.2837744 0.3014961 0.3093394 0.2958986 0.3138547 0.2956421 0.2671477 0.3746098 0.4229825 0.2757055 0.4620813 0.4671958 0.4065726 0.3886801 0.3576432 0.2999157 0.3272522 0.3242193 0.2992147 0.2908927 0.2908927 0.2523651 0.3220956 0.3220956 0.2707902 0.2622061 0.3556670 0.3556670 0.3556670 0.3556670 0.3645035 0.3399483 0.3773588 0.3873861 0.4118217 0.7277817 0.5501932 0.7124475 0.8577482 0.3559285 0.4042250 0.6350728 0.6350728 0.6939951 1.0377279 0.7174854 0.4817856 0.4450259 0.8653897 0.4677166 0.9063000 0.6944951 0.8250027 0.2711902 0.3511913 0.2993796 0.7161560 0.3919302 0.3541670 0.7812543 1.7916203 1.7066656 
ASV2145.495  0.3919219 0.2030930 0.2000941 0.1614978 0.1614978 0.0751137 0.0654643 0.0000000 0.3618904 0.3503391 0.3700843 0.4960507 0.3699892 0.4030449 0.4436421 0.4133798 0.4320177 0.3479540 0.3340551 0.2345442 0.2947310 0.3590565 0.3438244 0.3457771 0.3438867 0.3350271 0.3571444 0.4074416 0.2356454 0.2678820 0.2378649 0.2378649 0.2538241 0.2316608 0.2626008 0.2155949 0.2327998 0.2199295 0.2049954 0.2870045 0.2870045 0.2701403 0.2148983 0.2300641 0.2300641 0.2275026 0.2517658 0.2300641 0.2300641 0.2202470 0.2765872 0.2341240 0.2341240 0.2045090 0.2045090 0.2045090 0.2045090 0.3252422 0.2727809 0.2547498 0.2537700 0.2051057 0.2202470 0.2202470 0.2127726 0.2103104 0.2152890 0.2654169 0.2509463 0.2562709 0.2562709 0.2356250 0.2592984 0.2729532 0.2765792 0.2729532 0.2310346 0.2298455 0.2402439 0.2103622 0.2508224 0.2455650 0.2750811 0.2793136 0.2614776 0.2750811 0.2490222 0.2490222 0.2320775 0.2001289 0.1850425 0.1850425 0.1872104 0.1850425 0.3385126 0.3021528 0.2883118 0.2883118 0.3287420 0.3216887 0.3024597 0.3207332 0.2778921 0.2444524 0.2960633 0.2783132 0.2503361 0.3262981 0.3703483 0.2501822 0.3409197 0.3415847 0.3313299 0.3487553 0.3583812 0.2801850 0.3052136 0.3378958 0.3178876 0.2371531 0.2371531 0.2616058 0.3053975 0.3053975 0.2567922 0.2483764 0.2848969 0.2848969 0.2848969 0.2848969 0.3096292 0.2694664 0.3007963 0.3465707 0.3272805 0.6774475 0.4580653 0.6701974 0.7012270 0.2806466 0.3305007 0.5990642 0.5990642 0.6445010 0.7653514 0.5996254 0.4416371 0.3739701 0.7681747 0.4556350 0.8275203 0.6534460 0.7310172 0.2548316 0.2814113 0.2583089 0.6657681 0.3394467 0.2875990 0.7352782 1.6379283 1.2830070 
ASV23814.19  0.3733758 0.5102813 0.5731581 0.5148674 0.5148674 0.3775616 0.3679784 0.3618904 0.0000000 0.0415704 0.0906712 0.1271774 0.1035863 0.1122926 0.1063543 0.1768324 0.1367650 0.1515619 0.1796143 0.1298404 0.1598936 0.1994492 0.2042168 0.3569630 0.3552790 0.3178128 0.3774856 0.3007882 0.2419728 0.2770393 0.2916735 0.2916735 0.3102212 0.2879181 0.3601530 0.2780951 0.2600241 0.2770379 0.2593311 0.2907517 0.2907517 0.2728490 0.3132668 0.2944928 0.2944928 0.2944928 0.2905011 0.2944928 0.2944928 0.2168539 0.2383799 0.2190318 0.2190318 0.2396245 0.2396245 0.2396245 0.2396245 0.3446746 0.2522644 0.2538433 0.2296553 0.2230270 0.2168539 0.2168539 0.2157952 0.2290311 0.2183827 0.2563169 0.2299292 0.2352280 0.2352280 0.1956452 0.2700913 0.2645174 0.2682805 0.2645174 0.2295929 0.2242365 0.2299292 0.2249328 0.2291893 0.2266107 0.2343897 0.2498605 0.2375598 0.2343897 0.2703828 0.2703828 0.2700118 0.2519014 0.2519014 0.2519014 0.2553309 0.2519014 0.4180292 0.2180409 0.2263779 0.2211247 0.2386841 0.2237433 0.1833158 0.1992326 0.2381546 0.2301186 0.2715921 0.2903556 0.2240274 0.2391704 0.2912584 0.3039939 0.4218879 0.4089802 0.2540995 0.3586019 0.3694897 0.3221943 0.3002762 0.3192939 0.3145488 0.2634812 0.2634812 0.2815474 0.3324257 0.3324257 0.3157814 0.3459276 0.3649289 0.3649289 0.3649289 0.3649289 0.3141856 0.2508559 0.3083781 0.3130300 0.2943029 0.5115171 0.3652825 0.3926029 0.6883135 0.3626631 0.3744290 0.3331528 0.3379460 0.4793610 0.8492155 0.4204845 0.2190783 0.4135449 0.6015793 0.4317483 0.6462648 0.4005150 0.6367052 0.2295922 0.3596641 0.2108372 0.4184841 0.4710627 0.2170823 0.4388039 1.0419793 0.8840514 
ASV10459.48  0.4283144 0.4900419 0.5522536 0.5200046 0.5200046 0.3662703 0.3565606 0.3503391 0.0415704 0.0000000 0.0730764 0.1211838 0.0854967 0.0839526 0.1098274 0.1828102 0.1620957 0.1259669 0.1396732 0.1190890 0.1493601 0.1753971 0.1794272 0.3784512 0.3774172 0.3365451 0.3996027 0.3132184 0.2613511 0.2996929 0.2763464 0.2763464 0.2953981 0.2653882 0.3459108 0.2621759 0.2948279 0.2611255 0.2429590 0.3302123 0.3302123 0.3102223 0.3557934 0.3347402 0.3347402 0.3347402 0.3297516 0.3347402 0.3347402 0.2344033 0.2581170 0.2368957 0.2368957 0.2596365 0.2596365 0.2596365 0.2596365 0.3938103 0.2683913 0.2703051 0.2480995 0.2415413 0.2344033 0.2344033 0.1987903 0.2124878 0.2178677 0.2778284 0.2484288 0.2545237 0.2545237 0.2428568 0.2928849 0.2862499 0.2906036 0.2862499 0.2722607 0.2703196 0.2484288 0.2587861 0.2621046 0.2566341 0.2681923 0.2853266 0.2679587 0.2681923 0.2930021 0.2930021 0.2925781 0.2348526 0.2348526 0.2348526 0.2381591 0.2348526 0.4600254 0.2315362 0.2409743 0.2350512 0.2441300 0.2380146 0.1941130 0.2112001 0.2526119 0.2443816 0.2896064 0.2896064 0.2383218 0.2545886 0.3110128 0.3534408 0.4664595 0.4438815 0.2824312 0.3973650 0.3844349 0.3252106 0.3028880 0.3558241 0.3502585 0.2939266 0.2939266 0.2911956 0.3576843 0.3576843 0.3403308 0.3487847 0.4262042 0.4262042 0.4262042 0.4262042 0.4066484 0.3110825 0.3856870 0.3891231 0.3689416 0.5411669 0.4096767 0.4286631 0.7918679 0.4580787 0.4539892 0.3732993 0.3789936 0.5504495 0.9984959 0.4720951 0.2612409 0.4723080 0.6031122 0.4430583 0.7085972 0.4367596 0.6707210 0.2437655 0.4196861 0.2234621 0.4695570 0.4381033 0.2611287 0.4802710 1.2096994 1.0788731 
ASV12115.123 0.3571150 0.6012665 0.6755101 0.6091811 0.6091811 0.4623570 0.4501565 0.3700843 0.0906712 0.0730764 0.0000000 0.0350423 0.0253693 0.0167678 0.0256095 0.2105199 0.2041939 0.1140213 0.1395608 0.1047904 0.1356900 0.1908412 0.1758360 0.3443371 0.3422062 0.3670100 0.3969622 0.2951850 0.2726154 0.3108128 0.2508354 0.2508354 0.2686469 0.2414727 0.3316424 0.2734455 0.2327956 0.2362905 0.2192687 0.2862898 0.2862898 0.2680114 0.2830548 0.2649734 0.2649734 0.2649734 0.2614684 0.2649734 0.2649734 0.1963380 0.2325909 0.2127976 0.2127976 0.2338241 0.2338241 0.2338241 0.2338241 0.3503417 0.2468792 0.2484339 0.2238009 0.2021239 0.1963380 0.1963380 0.1783090 0.1914065 0.1960818 0.2509567 0.2240722 0.2294056 0.2294056 0.1984938 0.2465533 0.2415178 0.2450276 0.2415178 0.1931498 0.1887149 0.2240722 0.2284528 0.2326401 0.2125121 0.2379589 0.2536771 0.2236418 0.2379589 0.2690051 0.2690051 0.2650539 0.2109878 0.2109878 0.2109878 0.2137977 0.2109878 0.4168566 0.2117750 0.2201312 0.2148529 0.2230050 0.2174783 0.1762683 0.1925620 0.2381141 0.2213652 0.2630779 0.2820109 0.2149021 0.2333346 0.2867852 0.3048440 0.4013539 0.3784437 0.2324917 0.3371493 0.3864768 0.3305380 0.3078101 0.3431130 0.3379385 0.2442734 0.2442734 0.2724402 0.2853239 0.2853239 0.2688215 0.2748748 0.3613884 0.3613884 0.3613884 0.3613884 0.3416424 0.2968496 0.3359508 0.3285780 0.3460517 0.4052840 0.3307077 0.4230693 0.6268957 0.3505994 0.3708661 0.3214101 0.3214101 0.3366672 0.6861158 0.4020540 0.2768197 0.3970462 0.6769447 0.5553370 0.7078393 0.4310280 0.7087312 0.2237034 0.3562200 0.2045504 0.4064016 0.4631767 0.2286139 0.4730307 1.1094950 0.6582275 
ASV7970.12   0.3333399 0.7248520 0.8180524 0.7033882 0.7033882 0.6190329 0.6016033 0.4960507 0.1271774 0.1211838 0.0350423 0.0000000 0.0168456 0.0167391 0.0260333 0.2381896 0.2374661 0.1379816 0.1649609 0.1191256 0.1493231 0.1920467 0.1790761 0.3559831 0.3542018 0.3795278 0.3984432 0.2784602 0.2781846 0.3170530 0.2931720 0.2931720 0.2831747 0.2845122 0.3833167 0.3183305 0.2628824 0.2505486 0.2594658 0.2920031 0.2920031 0.2733973 0.2886813 0.2702752 0.2702752 0.2702752 0.2666442 0.2702752 0.2702752 0.1977620 0.2377492 0.2175139 0.2175139 0.2390485 0.2390485 0.2390485 0.2390485 0.3272321 0.2280434 0.2293270 0.2285168 0.2035997 0.1977620 0.1977620 0.2142269 0.2535805 0.2169115 0.2565251 0.2289316 0.2344570 0.2344570 0.2029775 0.2709474 0.2650973 0.2690416 0.2650973 0.1762968 0.1928271 0.2289316 0.2359790 0.2399824 0.2195586 0.2198912 0.2351065 0.2059289 0.2198912 0.2906382 0.2906382 0.2708564 0.2519021 0.2519021 0.2519021 0.2554932 0.2519021 0.4268020 0.1941718 0.2017008 0.1969149 0.2142942 0.1992820 0.1599849 0.1757371 0.2200397 0.2064244 0.2469567 0.2654401 0.1995594 0.2147069 0.2663654 0.2823394 0.3629267 0.3501116 0.2443738 0.3490361 0.3601677 0.3070213 0.2850778 0.3196828 0.3149277 0.2250551 0.2250551 0.2517039 0.2762350 0.3083729 0.2914555 0.3210790 0.3341698 0.3341698 0.3341698 0.3341698 0.3859729 0.2858390 0.3466558 0.3391878 0.3562292 0.5254580 0.3766054 0.3970790 0.6046350 0.3016880 0.3439108 0.3431121 0.3481726 0.4718118 0.6802221 0.4341276 0.2562736 0.3719150 0.6255816 0.5454458 0.6347587 0.4048803 0.6898437 0.2059753 0.3294901 0.1876069 0.3898135 0.4631767 0.2259222 0.4430539 1.1434158 0.9412095 
ASV27726.7   0.3369890 0.6007995 0.6748838 0.5802916 0.5802916 0.4621267 0.4499478 0.3699892 0.1035863 0.0854967 0.0253693 0.0168456 0.0000000 0.0000010 0.0167537 0.2024615 0.2161249 0.1408367 0.1684813 0.1103667 0.1412303 0.1823031 0.1711068 0.3348124 0.3323387 0.3573642 0.3767838 0.2809654 0.2596019 0.2972715 0.2743714 0.2743714 0.2930825 0.2653499 0.3605698 0.2984623 0.2455190 0.2593826 0.2415012 0.2733123 0.2733123 0.2552870 0.2701913 0.2523609 0.2523609 0.2523609 0.2490495 0.2523609 0.2523609 0.1811673 0.2197494 0.2001947 0.2001947 0.2208799 0.2208799 0.2208799 0.2208799 0.3306211 0.2297168 0.2310387 0.2112685 0.1864697 0.1811673 0.1811673 0.1980213 0.2360043 0.2004765 0.2379041 0.2116139 0.2166940 0.2166940 0.1858202 0.2519446 0.2466894 0.2503243 0.2466894 0.1772666 0.1765962 0.2116139 0.2378315 0.2418209 0.2211575 0.2214065 0.2368360 0.2072634 0.2214065 0.2711640 0.2711640 0.2520159 0.2336183 0.2336183 0.2336183 0.2368668 0.2336183 0.4005244 0.1953780 0.2030494 0.1981742 0.2157981 0.2005862 0.1607621 0.1766993 0.2215690 0.2077790 0.2489505 0.2677433 0.2008678 0.2162209 0.2686818 0.2823394 0.3629267 0.3501116 0.2443738 0.3490361 0.3601677 0.3070213 0.2850778 0.3196828 0.3149277 0.2250551 0.2250551 0.2517039 0.2762350 0.3083729 0.2914555 0.3210790 0.3743127 0.3743127 0.3743127 0.3743127 0.3411709 0.2737899 0.3311591 0.3239753 0.3413007 0.4675620 0.3480887 0.3990881 0.6046350 0.3451840 0.3838812 0.3383286 0.3383286 0.3931092 0.6802221 0.4206295 0.2294038 0.3763189 0.6272918 0.4992340 0.6787572 0.4072152 0.6571976 0.2073198 0.3687756 0.1886982 0.4251165 0.4189968 0.1997551 0.4472941 1.2255392 0.7918416 
ASV4575.23   0.3424334 0.6423265 0.7219966 0.6421660 0.6421660 0.5029054 0.4894051 0.4030449 0.1122926 0.0839526 0.0167678 0.0167391 0.0000010 0.0000000 0.0167857 0.2291504 0.2258630 0.1395573 0.1669013 0.1205235 0.1510361 0.1966939 0.1834113 0.3399056 0.3375753 0.3629039 0.3823664 0.2852324 0.2634013 0.3016933 0.2595590 0.2595590 0.2779741 0.2501722 0.3436293 0.2830658 0.2489362 0.2446230 0.2270174 0.2772690 0.2772690 0.2589490 0.2740752 0.2559543 0.2559543 0.2559543 0.2525473 0.2559543 0.2559543 0.1837830 0.2230268 0.2031385 0.2031385 0.2241989 0.2241989 0.2241989 0.2241989 0.3357362 0.2330941 0.2344770 0.2143191 0.1892302 0.1837830 0.1837830 0.1845295 0.2217818 0.2004765 0.2414909 0.2146801 0.2198941 0.2198941 0.1885770 0.2557511 0.2503243 0.2540579 0.2503243 0.1798086 0.1791037 0.2146801 0.2414586 0.2453646 0.2245018 0.2245690 0.2402297 0.2102313 0.2245690 0.2752649 0.2752649 0.2557920 0.2187960 0.2187960 0.2187960 0.2218098 0.2187960 0.4075265 0.1982267 0.2061149 0.2011063 0.2011635 0.2035862 0.1630454 0.1792308 0.2247593 0.2107857 0.2527006 0.2718206 0.2038731 0.2194561 0.2727703 0.2870468 0.3690688 0.3324959 0.2481853 0.3549934 0.3666905 0.3123024 0.2899430 0.3250803 0.3201793 0.2285518 0.2285518 0.2557362 0.2805660 0.3134119 0.2962245 0.3210790 0.3471536 0.3471536 0.3471536 0.3471536 0.3542976 0.2596032 0.3167503 0.3097971 0.3086731 0.4602578 0.3656068 0.3892219 0.6147026 0.3291700 0.3570317 0.3335406 0.3383286 0.4120809 0.6715285 0.4206295 0.2407700 0.3824274 0.6436172 0.5454458 0.7341606 0.3973246 0.7127540 0.2103098 0.3421106 0.1913715 0.4186364 0.4631767 0.2289113 0.4361602 1.1001502 0.7709605 
ASV16329.1   0.3514042 0.7210592 0.8147561 0.6993640 0.6993640 0.5552912 0.5398088 0.4436421 0.1063543 0.1098274 0.0256095 0.0260333 0.0167537 0.0167857 0.0000000 0.2165848 0.2304576 0.1467461 0.1756670 0.1372597 0.1705013 0.2173685 0.2010001 0.3557947 0.3540092 0.3793032 0.3920796 0.2881380 0.2818076 0.3212278 0.2969558 0.2969558 0.3165718 0.2883029 0.3886615 0.3225325 0.2661455 0.2815417 0.2628163 0.2957550 0.2957550 0.2768870 0.2923673 0.2737024 0.2737024 0.2737024 0.2699801 0.2737024 0.2737024 0.1869907 0.2409220 0.2203881 0.2203881 0.2252070 0.2252070 0.2252070 0.2252070 0.3441354 0.2385423 0.2400277 0.2151601 0.1926657 0.1869907 0.1869907 0.2013971 0.2405288 0.2039525 0.2427486 0.2155286 0.2208274 0.2208274 0.1891293 0.2382856 0.2333282 0.2368250 0.2333282 0.1838866 0.1795329 0.2155286 0.2473253 0.2510922 0.2298978 0.2296604 0.2457060 0.2150033 0.2296604 0.2612193 0.2612193 0.2572597 0.2382725 0.2382725 0.2382725 0.2416867 0.2382725 0.4333493 0.2193388 0.2282371 0.2226293 0.2412676 0.2254245 0.1825362 0.1993970 0.2463997 0.2290846 0.2724372 0.2920736 0.2226748 0.2417919 0.2669262 0.3165138 0.4164886 0.4029087 0.2412513 0.3501753 0.3810317 0.3234935 0.3203045 0.3567150 0.3511916 0.2535166 0.2535166 0.2639058 0.2771745 0.3114447 0.2934257 0.3251601 0.3909566 0.3909566 0.3909566 0.3909566 0.3787209 0.2989842 0.3387411 0.3312117 0.3488758 0.4481619 0.3674759 0.4652357 0.6468013 0.3538613 0.4005422 0.3567390 0.3567390 0.3744703 0.7204247 0.4450254 0.2857962 0.3925643 0.7452118 0.6171842 0.7762119 0.4730307 0.7803056 0.2315575 0.3849679 0.2116793 0.4499203 0.5175223 0.2532069 0.5191290 1.2409251 0.7568086 
ASV29004.1   0.3678911 0.6228149 0.7284969 0.6603758 0.6603758 0.4681276 0.4789955 0.4133798 0.1768324 0.1828102 0.2105199 0.2381896 0.2024615 0.2291504 0.2165848 0.0000000 0.1227847 0.1679059 0.1817705 0.1455018 0.1869067 0.2035941 0.1977611 0.2951612 0.2883815 0.2540560 0.2976369 0.2424390 0.2699454 0.2974604 0.2546993 0.2546993 0.2719194 0.2527388 0.3488574 0.3054006 0.2713457 0.2578318 0.2408771 0.2733471 0.2733471 0.2559049 0.2682474 0.2512932 0.2512932 0.2482898 0.2648175 0.2512932 0.2512932 0.2521289 0.2802288 0.2685982 0.2685982 0.2702698 0.2702698 0.2702698 0.2702698 0.3737113 0.2813798 0.2989348 0.2475265 0.2415737 0.2521289 0.2521289 0.2542718 0.2709578 0.2573176 0.2707108 0.2446510 0.2500317 0.2500317 0.2456740 0.2643233 0.2612623 0.2476012 0.2612623 0.2506187 0.2340857 0.2446510 0.2764747 0.2968590 0.2743897 0.2876610 0.3037099 0.2671026 0.2876610 0.3216541 0.3216541 0.2645398 0.2997845 0.2820041 0.2820041 0.2857630 0.2820041 0.3650011 0.3120234 0.2688362 0.2630040 0.3162126 0.3013953 0.3093376 0.3273573 0.2613916 0.2711798 0.3129295 0.3129295 0.2839324 0.2806672 0.3235630 0.3467801 0.3772554 0.3659102 0.2367430 0.3474252 0.3184172 0.2767156 0.2637900 0.3343948 0.3298566 0.2819705 0.2819705 0.2720437 0.2535435 0.2708928 0.2392014 0.2614704 0.3635778 0.3635778 0.3635778 0.3635778 0.3328344 0.2964642 0.3306767 0.3631852 0.3647711 0.4980719 0.3349255 0.4768738 0.6396211 0.3365354 0.3971036 0.4583969 0.4402444 0.4435285 0.7455700 0.4408073 0.3203355 0.4017995 0.6649818 0.4955267 0.7601865 0.4845205 0.7249574 0.2705283 0.3588895 0.2354634 0.4503208 0.3936722 0.3030067 0.5312427 1.2081409 0.9155656 
ASV25696.0   0.4198563 0.5862570 0.6808086 0.6152881 0.6152881 0.4294019 0.4476458 0.4320177 0.1367650 0.1620957 0.2041939 0.2374661 0.2161249 0.2258630 0.2304576 0.1227847 0.0000000 0.1360405 0.1489204 0.1569020 0.1779131 0.1763283 0.1889907 0.3372590 0.3351302 0.2938516 0.3564216 0.3040717 0.2463057 0.2802035 0.2680319 0.2680319 0.2847663 0.2669856 0.3397692 0.2993131 0.2568652 0.2545492 0.2385215 0.3001196 0.3001196 0.2828945 0.2948452 0.2780567 0.2780567 0.2748653 0.2746541 0.2780567 0.2780567 0.2321718 0.2477247 0.2182448 0.2182448 0.2198582 0.2198582 0.2198582 0.2198582 0.3403074 0.2608188 0.2776605 0.2283374 0.2384942 0.2321718 0.2321718 0.2066861 0.1894541 0.1791821 0.2585384 0.2611396 0.2668942 0.2668942 0.2595284 0.2643091 0.2443529 0.2476136 0.2443529 0.2782504 0.2613304 0.2611396 0.2780750 0.2803492 0.2783719 0.2884324 0.2692385 0.2881733 0.2884324 0.2495460 0.2495460 0.2064791 0.2475231 0.2312598 0.2312598 0.2341306 0.2312598 0.3725639 0.2534422 0.2973821 0.2910043 0.3045136 0.3084051 0.2628615 0.2798627 0.2670929 0.2599804 0.2656879 0.2656879 0.2722997 0.2742025 0.2879961 0.3754147 0.4384115 0.4264634 0.3737310 0.4558859 0.3287813 0.3444488 0.3310873 0.3586828 0.3535188 0.3222597 0.3222597 0.2884222 0.3687487 0.3687487 0.3319466 0.3606303 0.4069200 0.4069200 0.4069200 0.4069200 0.3901855 0.3218584 0.3440326 0.3590476 0.3051305 0.4355092 0.3433212 0.4428425 0.6434276 0.4011242 0.4541943 0.4448951 0.4514538 0.4481973 0.9717261 0.4242535 0.3206200 0.4782658 0.6239593 0.4706779 0.7454894 0.4508288 0.6675848 0.2593684 0.4013431 0.2406658 0.3807192 0.4299556 0.3034218 0.4954461 1.2840686 0.7375728 
ASV8509.6    0.3073472 0.4845870 0.5477568 0.5500562 0.5500562 0.3946385 0.3748812 0.3479540 0.1515619 0.1259669 0.1140213 0.1379816 0.1408367 0.1395573 0.1467461 0.1679059 0.1360405 0.0000000 0.0163637 0.0987742 0.0941330 0.0854724 0.0649522 0.2033330 0.1972953 0.2437409 0.2560274 0.1460337 0.1539796 0.1847911 0.1521186 0.1521186 0.1521186 0.1408830 0.2400965 0.1917876 0.1557359 0.1539645 0.1539645 0.1669185 0.1669185 0.1521186 0.1500742 0.1358597 0.1358597 0.1342926 0.1343593 0.1358597 0.1358597 0.1349871 0.1414058 0.1380735 0.1380735 0.1397768 0.1397768 0.1397768 0.1397768 0.2197385 0.1668819 0.1668819 0.1519721 0.1241253 0.1349871 0.1349871 0.1331893 0.1179893 0.1193354 0.1427538 0.1260659 0.1405493 0.1405493 0.1325619 0.1537734 0.1668178 0.1537734 0.1668178 0.1262594 0.1262594 0.1374609 0.1122838 0.1482221 0.1253258 0.1522897 0.1660382 0.1362917 0.1522897 0.1864873 0.1864873 0.1399198 0.1112169 0.1253622 0.1253622 0.1267954 0.1253622 0.2233856 0.1519153 0.1389030 0.1389030 0.1353478 0.1532057 0.1339913 0.1481687 0.1401870 0.1575369 0.1910822 0.2066248 0.1628467 0.1391608 0.1829308 0.2176484 0.2827452 0.2709368 0.2422548 0.2797726 0.2412853 0.1782132 0.1647709 0.2409550 0.2222349 0.1811516 0.1811516 0.1748516 0.2074229 0.2074229 0.1782858 0.1945380 0.2172584 0.2172584 0.2172584 0.2172584 0.2501577 0.2399534 0.2729044 0.2846444 0.3000264 0.2859544 0.2353014 0.3558042 0.4864807 0.2832318 0.2619752 0.2639640 0.2677246 0.2784239 0.6210778 0.3021271 0.2337605 0.3215203 0.6452935 0.5000126 0.8487035 0.3507904 0.6750711 0.1572730 0.2145471 0.1282423 0.2643443 0.4496036 0.2402643 0.3870623 1.0217046 0.4459937 
ASV34591.11  0.3232626 0.4694323 0.5322794 0.5344771 0.5344771 0.3803098 0.3606462 0.3340551 0.1796143 0.1396732 0.1395608 0.1649609 0.1684813 0.1669013 0.1756670 0.1817705 0.1489204 0.0163637 0.0000000 0.1108699 0.1055599 0.0968176 0.0756333 0.2216459 0.2160296 0.2644778 0.2760004 0.1770872 0.1844689 0.2170809 0.1821343 0.1821343 0.1821343 0.1708842 0.2782895 0.2254525 0.1843885 0.1844185 0.1844185 0.1977897 0.1666572 0.1821343 0.1796928 0.1646779 0.1646779 0.1627430 0.1627834 0.1646779 0.1646779 0.1637875 0.1716434 0.1674566 0.1674566 0.1695598 0.1695598 0.1695598 0.1695598 0.2543128 0.1977597 0.1977597 0.1820280 0.1529251 0.1637875 0.1637875 0.1615831 0.1452430 0.1469326 0.1734252 0.1552014 0.1704713 0.1704713 0.1633464 0.1842170 0.1977053 0.1842170 0.1977053 0.1554751 0.1554751 0.1666895 0.1408869 0.1799995 0.1544871 0.1826081 0.1970096 0.1524183 0.1826081 0.2190967 0.2190967 0.1697354 0.1394059 0.1543594 0.1543594 0.1562005 0.1543594 0.2610881 0.1846280 0.1710143 0.1710143 0.1663457 0.1861548 0.1646878 0.1798578 0.1698776 0.1890837 0.2256713 0.2091781 0.1956285 0.1713173 0.2180868 0.2544021 0.3228212 0.3109455 0.2792847 0.3193760 0.2798342 0.2117567 0.1980804 0.2803417 0.2602762 0.2155404 0.2155404 0.2077426 0.2401796 0.2401796 0.2095090 0.2270837 0.2518644 0.2518644 0.2518644 0.2518644 0.2871012 0.2768150 0.3122891 0.3246305 0.3409447 0.2900236 0.2711360 0.3744904 0.5510129 0.3235449 0.2984061 0.3048292 0.3092837 0.2782898 0.5825783 0.3439663 0.2734662 0.3375884 0.5564590 0.4699521 0.7578817 0.3691695 0.6061542 0.1887194 0.2486492 0.1574108 0.2679901 0.3916544 0.2621436 0.4068168 1.1169891 0.4470034 
ASV13574.2   0.3169677 0.4279963 0.4881264 0.4748949 0.4748949 0.3111413 0.2926004 0.2345442 0.1298404 0.1190890 0.1047904 0.1191256 0.1103667 0.1205235 0.1372597 0.1455018 0.1569020 0.0987742 0.1108699 0.0000000 0.0084540 0.0471224 0.0365738 0.1507815 0.1563613 0.1847482 0.2078741 0.2018432 0.1729788 0.1890748 0.1707670 0.1707670 0.1707670 0.1285678 0.2081176 0.1649912 0.1473650 0.1573327 0.1573327 0.1865363 0.1865363 0.1707670 0.1684119 0.1533102 0.1533102 0.1514744 0.1515285 0.1533102 0.1533102 0.1305322 0.1473938 0.1157896 0.1157896 0.1172724 0.1172724 0.1172724 0.1172724 0.2342431 0.1769207 0.1769207 0.1609235 0.1189203 0.1305322 0.1305322 0.1100166 0.1224819 0.1239339 0.1668833 0.1418658 0.1418658 0.1418658 0.1337819 0.1436236 0.1416690 0.1436236 0.1416690 0.1302769 0.1302769 0.1418658 0.1183188 0.1717179 0.1170393 0.1605888 0.1793222 0.1287489 0.1605888 0.1832009 0.1832009 0.1323649 0.1321733 0.1172724 0.1217464 0.1186670 0.1172724 0.2733412 0.1762756 0.1830416 0.1787132 0.1762555 0.1979681 0.1586890 0.1744444 0.1398935 0.1398935 0.1742670 0.1903692 0.1448933 0.1790355 0.2103442 0.2178523 0.2425759 0.2425759 0.1409385 0.2223787 0.2269142 0.1783959 0.1638121 0.2470743 0.2470743 0.2000667 0.2000667 0.2205106 0.1811094 0.1811094 0.1503985 0.1815319 0.2207265 0.2207265 0.2207265 0.2207265 0.2475378 0.2201419 0.2749263 0.2690018 0.2756181 0.3616997 0.2959604 0.3590863 0.7461142 0.1684654 0.2629859 0.3201915 0.3250932 0.3342351 0.6751652 0.3294956 0.2881138 0.3784838 0.5419279 0.4134522 0.5838300 0.3950015 0.5267008 0.1563971 0.2177354 0.1398935 0.3710767 0.3807040 0.2601285 0.4354838 1.2386943 0.5166009 
ASV22170.4   0.2944096 0.4339939 0.5159830 0.5109606 0.5109606 0.3576960 0.3384039 0.2947310 0.1598936 0.1493601 0.1356900 0.1493231 0.1412303 0.1510361 0.1705013 0.1869067 0.1779131 0.0941330 0.1055599 0.0084540 0.0000000 0.0449982 0.0352724 0.2074933 0.2157102 0.2470444 0.2678267 0.2144854 0.1996625 0.2332242 0.1970744 0.1970744 0.1970744 0.1542733 0.2462222 0.1922664 0.1720279 0.1995894 0.1995894 0.2131833 0.2131833 0.1970744 0.1944350 0.1789991 0.1789991 0.1768754 0.1768967 0.1789991 0.1789991 0.1401732 0.1866988 0.1567451 0.1567451 0.1587484 0.1587484 0.1587484 0.1587484 0.2817112 0.2208069 0.2208069 0.2040536 0.1289299 0.1401732 0.1401732 0.1347105 0.1472104 0.1489405 0.1908770 0.1716132 0.1874376 0.1874376 0.1807756 0.2015822 0.1988233 0.2015822 0.1988233 0.1719405 0.1719405 0.1832302 0.1450634 0.1989613 0.1435404 0.1881297 0.2030156 0.1550414 0.1881297 0.2111937 0.2111937 0.1589161 0.1587138 0.1434787 0.1487778 0.1452043 0.1434787 0.3127247 0.2160007 0.2242308 0.2190411 0.1962572 0.2350742 0.1943412 0.2102595 0.1899250 0.1922062 0.2295526 0.2466362 0.1989579 0.2193923 0.2697713 0.2498983 0.2857187 0.2616665 0.2159504 0.2714000 0.2596750 0.1906490 0.1763233 0.2597152 0.2597152 0.2125264 0.2125264 0.2321587 0.2068440 0.2068440 0.1758942 0.2074901 0.2233762 0.2233762 0.2233762 0.2233762 0.2650057 0.2383581 0.2924357 0.2864259 0.3020067 0.3918727 0.2919947 0.3673526 0.7096803 0.1880324 0.2816077 0.3154240 0.3201915 0.3637786 0.8080325 0.3248392 0.2970876 0.3508095 0.6544730 0.4499241 0.6926473 0.4024435 0.6401489 0.2075137 0.2204996 0.1899250 0.3659394 0.4537263 0.2736531 0.4421767 1.2756923 0.5774630 
ASV14483.1   0.3664920 0.5015607 0.5391887 0.5306728 0.5306728 0.3518042 0.3431305 0.3590565 0.1994492 0.1753971 0.1908412 0.1920467 0.1823031 0.1966939 0.2173685 0.2035941 0.1763283 0.0854724 0.0968176 0.0471224 0.0449982 0.0000000 0.0169761 0.2506746 0.2456929 0.2850117 0.2898272 0.2275794 0.1700179 0.2020941 0.1679869 0.1679869 0.1679869 0.1266575 0.2222297 0.1602065 0.1451930 0.1700826 0.1700826 0.1676936 0.1676936 0.1527372 0.1657095 0.1509358 0.1509358 0.1491613 0.1492168 0.1509358 0.1509358 0.1399774 0.1727656 0.1432726 0.1432726 0.1451056 0.1451056 0.1451056 0.1451056 0.2658833 0.2063531 0.2232930 0.1898507 0.1287544 0.1399774 0.1399774 0.1362959 0.1347105 0.1237051 0.1766231 0.1579494 0.1735388 0.1735388 0.1642603 0.1875639 0.1693936 0.1717257 0.1693936 0.1740970 0.1740970 0.1696263 0.1313126 0.1848603 0.1152243 0.1581576 0.1725167 0.1267998 0.1581576 0.2108918 0.2108918 0.1302536 0.1607111 0.1452671 0.1452671 0.1470369 0.1452671 0.2738625 0.2184054 0.2215114 0.2215114 0.2010747 0.2377022 0.1964546 0.2125460 0.1872198 0.1942778 0.2320756 0.2493503 0.2036983 0.2049240 0.2545051 0.2533151 0.2987558 0.3075591 0.2387850 0.3383445 0.2592689 0.2053556 0.1911183 0.2806762 0.2552639 0.2091320 0.2091320 0.2320160 0.2038425 0.2038425 0.1734016 0.1930614 0.2943633 0.2943633 0.2943633 0.2943633 0.3285795 0.2958398 0.3425239 0.3349824 0.3719666 0.3574099 0.2380806 0.3998894 0.6918545 0.2415744 0.3586890 0.3119849 0.3119849 0.3063354 0.9534370 0.3281956 0.3205587 0.3825745 0.6495163 0.4334590 0.6934189 0.3998894 0.6217577 0.1938897 0.2902601 0.1766859 0.3314574 0.4465602 0.2635925 0.4350989 1.2086257 0.5703540 
ASV14485.3   0.3172683 0.4552954 0.4968156 0.5054813 0.5054813 0.3744809 0.3651499 0.3438244 0.2042168 0.1794272 0.1758360 0.1790761 0.1711068 0.1834113 0.2010001 0.1977611 0.1889907 0.0649522 0.0756333 0.0365738 0.0352724 0.0169761 0.0000000 0.2190292 0.2103289 0.2522027 0.2646904 0.1950329 0.1905128 0.2244934 0.1880648 0.1880648 0.1880648 0.1446130 0.2472281 0.1971241 0.1483754 0.1905128 0.1905128 0.1877425 0.1877425 0.1719168 0.1695424 0.1543818 0.1543818 0.1525282 0.1525814 0.1543818 0.1543818 0.1454944 0.1772531 0.1469318 0.1469318 0.1488554 0.1488554 0.1488554 0.1488554 0.2732441 0.2118097 0.1944861 0.1948300 0.1339042 0.1454944 0.1454944 0.1396241 0.1379640 0.1267312 0.1813083 0.1620071 0.1780342 0.1780342 0.1708739 0.1446984 0.1581049 0.1603116 0.1581049 0.1623126 0.1623126 0.1739345 0.1178048 0.1710316 0.1167068 0.1761060 0.1909945 0.1432521 0.1761060 0.2018273 0.2018273 0.1335924 0.1649113 0.1490281 0.1490281 0.1508925 0.1490281 0.2607365 0.1900725 0.1927272 0.1927272 0.1734591 0.2086763 0.1693767 0.1850241 0.1614264 0.1654901 0.1850934 0.2011136 0.1734736 0.1766403 0.2249781 0.2534060 0.3125980 0.3221263 0.2271626 0.3090387 0.2757348 0.2054298 0.1911892 0.2807770 0.2553568 0.2092089 0.2092089 0.2320959 0.1951238 0.1951238 0.1641568 0.1671305 0.3100213 0.3100213 0.3100213 0.3100213 0.3383575 0.3096411 0.3721969 0.3254670 0.3816671 0.3551464 0.2883380 0.4055529 0.6437220 0.2725287 0.3743250 0.3242223 0.3292251 0.2856327 0.8847992 0.3679801 0.3049987 0.3325758 0.6885081 0.4801258 0.6343111 0.3994153 0.6973493 0.1671909 0.3057179 0.1506716 0.3209694 0.3973894 0.2481125 0.4414228 1.2071378 0.5520498 
ASV12791.7   0.5156944 0.6123173 0.6038146 0.5366338 0.5366338 0.3895067 0.3933430 0.3457771 0.3569630 0.3784512 0.3443371 0.3559831 0.3348124 0.3399056 0.3557947 0.2951612 0.3372590 0.2033330 0.2216459 0.1507815 0.2074933 0.2506746 0.2190292 0.0000000 0.0000010 0.0589488 0.0656249 0.2534042 0.2550326 0.2818828 0.2398085 0.2399188 0.2525631 0.2715412 0.2890585 0.2793317 0.2595078 0.2385178 0.2260696 0.2163951 0.2163951 0.2043722 0.2549393 0.2420457 0.2294206 0.2293811 0.2396986 0.2294206 0.2294206 0.1662751 0.1828460 0.1826658 0.1826658 0.2168522 0.2208704 0.2208704 0.2336947 0.2386922 0.2079129 0.1962289 0.1852271 0.1668211 0.1774666 0.1773058 0.2282976 0.2512204 0.2304092 0.2178527 0.2001948 0.2008425 0.2008425 0.1964975 0.1628915 0.1892965 0.1655332 0.1892965 0.1927104 0.1811533 0.1892924 0.2699969 0.3069549 0.2730474 0.2693131 0.2725226 0.2355094 0.2693131 0.2446068 0.2446068 0.2317932 0.2465456 0.2468829 0.2226980 0.2253890 0.2232192 0.2264494 0.2092495 0.2045019 0.1932724 0.2377363 0.2435006 0.2565841 0.2692271 0.1531162 0.1554567 0.1790506 0.1898513 0.1604499 0.2242215 0.2461743 0.2598207 0.4048581 0.4017527 0.3564989 0.3774812 0.4504100 0.3593966 0.3744472 0.4224244 0.4281560 0.3896151 0.3896151 0.3420501 0.3005923 0.3312359 0.3035180 0.3443300 0.5210635 0.5210635 0.5210635 0.5446505 0.3916376 0.3652119 0.3785034 0.3805951 0.3757746 0.6954648 0.5210307 0.6906116 0.7448170 0.3940485 0.5773844 0.6858254 0.6858254 0.6287340 0.6483771 0.6093213 0.5165654 0.4951649 1.2058072 0.5372217 1.1152986 0.6102371 0.9714526 0.1668679 0.5388254 0.1443935 0.7418572 0.4450140 0.4361120 0.6995171 1.1628982 1.2393331 
